PFRMAT LG
TARGET H1172
MODEL 1
LIGAND 001 LIG
POSE 1
LIG
     RDKit          3D

 35 37  0  0  0  0  0  0  0  0999 V2000
  -13.1374   -8.9297   -9.2278 C   0  0  2  0  0  0  0  0  0  0  0  0
  -14.2957   -9.0829   -8.4338 O   0  0  0  0  0  0  0  0  0  0  0  0
  -13.9043   -8.9810   -7.0838 C   0  0  1  0  0  0  0  0  0  0  0  0
  -12.6040   -8.1886   -7.0280 C   0  0  1  0  0  0  0  0  0  0  0  0
  -11.8158   -8.5654   -5.9287 O   0  0  0  0  0  0  0  0  0  0  0  0
  -11.9480   -8.5492   -8.3403 C   0  0  1  0  0  0  0  0  0  0  0  0
  -11.0957   -9.6592   -8.1940 O   0  0  0  0  0  0  0  0  0  0  0  0
  -12.2025   -8.1137   -5.1339 H   0  0  0  0  0  0  0  0  0  0  0  0
  -10.2152   -9.3076   -7.8993 H   0  0  0  0  0  0  0  0  0  0  0  0
  -14.6846   -5.4266  -13.9685 N   0  0  0  0  0  0  0  0  0  0  0  0
  -14.5661   -6.6905  -13.3153 C   0  0  0  0  0  0  0  0  0  0  0  0
  -14.9699   -7.8361  -13.9415 N   0  0  0  0  0  0  0  0  0  0  0  0
  -14.8567   -9.0603  -13.3325 C   0  0  0  0  0  0  0  0  0  0  0  0
  -14.3277   -9.1632  -12.0763 N   0  0  0  0  0  0  0  0  0  0  0  0
  -13.9265   -8.0270  -11.4596 C   0  0  0  0  0  0  0  0  0  0  0  0
  -14.0278   -6.8084  -12.0380 C   0  0  0  0  0  0  0  0  0  0  0  0
  -13.5566   -5.8530  -11.2162 N   0  0  0  0  0  0  0  0  0  0  0  0
  -13.1672   -6.5644  -10.1211 C   0  0  0  0  0  0  0  0  0  0  0  0
  -13.3677   -7.9027  -10.2475 N   0  0  0  0  0  0  0  0  0  0  0  0
  -14.3648   -4.5474  -13.5013 H   0  0  0  0  0  0  0  0  0  0  0  0
  -15.1052   -5.3673  -14.9234 H   0  0  0  0  0  0  0  0  0  0  0  0
  -15.0171   -8.3187   -6.2663 C   0  0  0  0  0  0  0  0  0  0  0  0
  -14.7767   -8.5394   -4.8960 O   0  0  0  0  0  0  0  0  0  0  0  0
  -15.5667   -7.3198   -4.0021 P   0  0  2  0  0  0  0  0  0  0  0  0
  -15.2091   -5.9623   -4.5645 O   0  0  0  0  0  0  0  0  0  0  0  0
  -15.0359   -7.3849   -2.3964 O   0  5  0  0  0  0  0  0  0  0  0  0
  -17.2576   -7.5159   -4.0821 O   0  0  0  0  0  0  0  0  0  0  0  0
  -17.6671   -8.8769   -3.1438 P   0  0  1  0  0  0  0  0  0  0  0  0
  -17.7274   -8.4790   -1.6853 O   0  0  0  0  0  0  0  0  0  0  0  0
  -19.2002   -9.4009   -3.6330 O   0  5  0  0  0  0  0  0  0  0  0  0
  -16.5190  -10.1168   -3.3735 O   0  0  0  0  0  0  0  0  0  0  0  0
  -16.4048  -11.0290   -1.9360 P   0  0  0  0  0  0  0  0  0  0  0  0
  -15.3088  -12.2900   -2.2001 O   0  5  0  0  0  0  0  0  0  0  0  0
  -15.8442  -10.1023   -0.6329 O   0  5  0  0  0  0  0  0  0  0  0  0
  -17.9409  -11.7130   -1.5347 S   0  0  0  0  0  0  0  0  0  0  0  0
  1 19  1  6  0  0  0
  1  2  1  0  0  0  0
  1  6  1  0  0  0  0
  2  3  1  0  0  0  0
  3 22  1  1  0  0  0
  3  4  1  0  0  0  0
  4  5  1  1  0  0  0
  4  6  1  0  0  0  0
  5  8  1  0  0  0  0
  6  7  1  1  0  0  0
  7  9  1  0  0  0  0
 10 11  1  0  0  0  0
 10 20  1  0  0  0  0
 10 21  1  0  0  0  0
 11 12  2  0  0  0  0
 11 16  1  0  0  0  0
 12 13  1  0  0  0  0
 13 14  2  0  0  0  0
 14 15  1  0  0  0  0
 15 16  2  0  0  0  0
 15 19  1  0  0  0  0
 16 17  1  0  0  0  0
 17 18  2  0  0  0  0
 18 19  1  0  0  0  0
 22 23  1  0  0  0  0
 23 24  1  0  0  0  0
 24 25  2  6  0  0  0
 24 26  1  0  0  0  0
 24 27  1  0  0  0  0
 27 28  1  0  0  0  0
 28 29  2  1  0  0  0
 28 30  1  0  0  0  0
 28 31  1  0  0  0  0
 31 32  1  0  0  0  0
 32 33  1  0  0  0  0
 32 34  1  0  0  0  0
 32 35  2  0  0  0  0
M  END
END
