PFRMAT LG
TARGET H1171
MODEL 1
LIGAND 001 LIG
POSE 1
LIG
     RDKit          3D

 35 37  0  0  1  0  0  0  0  0999 V2000
   -4.2970   23.0460    4.8960 C   0  0  2  0  0  0  0  0  0  0  0  0
   -4.0220   22.2560    3.7580 O   0  0  0  0  0  0  0  0  0  0  0  0
   -5.0690   21.3230    3.6230 C   0  0  1  0  0  0  0  0  0  0  0  0
   -6.2980   21.8890    4.3240 C   0  0  1  0  0  0  0  0  0  0  0  0
   -7.1280   20.8680    4.8160 O   0  0  0  0  0  0  0  0  0  0  0  0
   -5.6880   22.7050    5.4390 C   0  0  1  0  0  0  0  0  0  0  0  0
   -5.5610   21.9430    6.6150 O   0  0  0  0  0  0  0  0  0  0  0  0
   -7.6460   20.5250    4.0420 H   0  0  0  0  0  0  0  0  0  0  0  0
   -6.4270   22.0110    7.0960 H   0  0  0  0  0  0  0  0  0  0  0  0
   -2.9010   28.7530    3.2770 N   0  0  0  0  0  0  0  0  0  0  0  0
   -2.5470   27.4330    3.6890 C   0  0  0  0  0  0  0  0  0  0  0  0
   -1.2360   27.0880    3.8610 N   0  0  0  0  0  0  0  0  0  0  0  0
   -0.8770   25.8270    4.2650 C   0  0  0  0  0  0  0  0  0  0  0  0
   -1.8320   24.8800    4.5110 N   0  0  0  0  0  0  0  0  0  0  0  0
   -3.1300   25.2260    4.3420 C   0  0  0  0  0  0  0  0  0  0  0  0
   -3.5100   26.4620    3.9450 C   0  0  0  0  0  0  0  0  0  0  0  0
   -4.8500   26.5410    3.8590 N   0  0  0  0  0  0  0  0  0  0  0  0
   -5.2490   25.2910    4.2280 C   0  0  0  0  0  0  0  0  0  0  0  0
   -4.2160   24.4670    4.5450 N   0  0  0  0  0  0  0  0  0  0  0  0
   -3.9030   29.0290    3.1560 H   0  0  0  0  0  0  0  0  0  0  0  0
   -2.1560   29.4590    3.0790 H   0  0  0  0  0  0  0  0  0  0  0  0
   -5.3310   21.0440    2.1400 C   0  0  0  0  0  0  0  0  0  0  0  0
   -4.1170   20.6990    1.5140 O   0  0  0  0  0  0  0  0  0  0  0  0
   -4.0910   19.0100    1.2700 P   0  0  2  0  0  0  0  0  0  0  0  0
   -3.1000   18.3730    2.2180 O   0  0  0  0  0  0  0  0  0  0  0  0
   -3.5900   18.6920   -0.3140 O   0  5  0  0  0  0  0  0  0  0  0  0
   -5.6310   18.3380    1.5580 O   0  0  0  0  0  0  0  0  0  0  0  0
   -5.7020   16.8410    0.7490 P   0  0  1  0  0  0  0  0  0  0  0  0
   -6.9230   16.0790    1.2160 O   0  0  0  0  0  0  0  0  0  0  0  0
   -5.8510   17.1540   -0.9070 O   0  5  0  0  0  0  0  0  0  0  0  0
   -4.2870   15.9400    1.0540 O   0  0  0  0  0  0  0  0  0  0  0  0
   -4.6710   14.2790    0.9760 P   0  0  0  0  0  0  0  0  0  0  0  0
   -5.3780   13.8330    2.4460 O   0  5  0  0  0  0  0  0  0  0  0  0
   -5.7680   13.9330   -0.2680 O   0  5  0  0  0  0  0  0  0  0  0  0
   -3.2360   13.3410    0.7520 S   0  0  0  0  0  0  0  0  0  0  0  0
  1 19  1  6  0  0  0
  1  2  1  0  0  0  0
  1  6  1  0  0  0  0
  2  3  1  0  0  0  0
  3 22  1  6  0  0  0
  3  4  1  0  0  0  0
  4  5  1  1  0  0  0
  4  6  1  0  0  0  0
  5  8  1  0  0  0  0
  6  7  1  1  0  0  0
  7  9  1  0  0  0  0
 10 11  1  0  0  0  0
 10 20  1  0  0  0  0
 10 21  1  0  0  0  0
 11 12  2  0  0  0  0
 11 16  1  0  0  0  0
 12 13  1  0  0  0  0
 13 14  2  0  0  0  0
 14 15  1  0  0  0  0
 15 16  2  0  0  0  0
 15 19  1  0  0  0  0
 16 17  1  0  0  0  0
 17 18  2  0  0  0  0
 18 19  1  0  0  0  0
 22 23  1  0  0  0  0
 23 24  1  0  0  0  0
 24 25  2  1  0  0  0
 24 26  1  0  0  0  0
 24 27  1  0  0  0  0
 27 28  1  0  0  0  0
 28 29  2  1  0  0  0
 28 30  1  0  0  0  0
 28 31  1  0  0  0  0
 31 32  1  0  0  0  0
 32 33  1  0  0  0  0
 32 34  1  0  0  0  0
 32 35  2  0  0  0  0
M  END
END
