PFRMAT LG
TARGET T1105v1
MODEL 1
LIGAND 001 LIG
POSE 1
LIG
     RDKit          3D

 38 41  0  0  0  0  0  0  0  0999 V2000
   -6.4952   -0.8621   -2.9374 N   0  0  0  0  0  0  0  0  0  0  0  0
   -5.2697   -1.5554   -3.1725 C   0  0  0  0  0  0  0  0  0  0  0  0
   -5.2976   -2.8040   -3.7240 N   0  0  0  0  0  0  0  0  0  0  0  0
   -4.1264   -3.4475   -3.9475 C   0  0  0  0  0  0  0  0  0  0  0  0
   -2.9212   -2.8876   -3.6326 C   0  0  0  0  0  0  0  0  0  0  0  0
   -1.9491   -3.8215   -3.9707 C   0  0  0  0  0  0  0  0  0  0  0  0
   -2.6476   -4.9263   -4.4598 C   0  0  0  0  0  0  0  0  0  0  0  0
   -3.9796   -4.6823   -4.4626 N   0  0  0  0  0  0  0  0  0  0  0  0
   -2.8856   -1.6190   -3.0538 C   0  0  0  0  0  0  0  0  0  0  0  0
   -1.8001   -1.0744   -2.7243 O   0  0  0  0  0  0  0  0  0  0  0  0
   -4.0716   -0.9728   -2.8410 N   0  0  0  0  0  0  0  0  0  0  0  0
   -6.4962    0.0895   -2.5054 H   0  0  0  0  0  0  0  0  0  0  0  0
   -7.4062   -1.2984   -3.1983 H   0  0  0  0  0  0  0  0  0  0  0  0
   -4.0635   -0.0192   -2.4133 H   0  0  0  0  0  0  0  0  0  0  0  0
   -5.0221   -5.6456   -4.8260 C   0  0  2  0  0  0  0  0  0  0  0  0
   -4.5061   -6.9572   -4.8406 O   0  0  0  0  0  0  0  0  0  0  0  0
   -5.2096   -7.6725   -5.8372 C   0  0  1  0  0  0  0  0  0  0  0  0
   -6.0839   -6.7026   -6.6473 C   0  0  1  0  0  0  0  0  0  0  0  0
   -7.4337   -6.8795   -6.2927 O   0  0  0  0  0  0  0  0  0  0  0  0
   -5.5782   -5.3469   -6.2047 C   0  0  1  0  0  0  0  0  0  0  0  0
   -6.5980   -4.3839   -6.1373 O   0  0  0  0  0  0  0  0  0  0  0  0
   -7.9771   -6.5041   -7.0333 H   0  0  0  0  0  0  0  0  0  0  0  0
   -6.7953   -4.1184   -7.0736 H   0  0  0  0  0  0  0  0  0  0  0  0
   -4.2137   -8.4349   -6.7202 C   0  0  0  0  0  0  0  0  0  0  0  0
   -2.9700   -7.7899   -6.7282 O   0  0  0  0  0  0  0  0  0  0  0  0
   -2.3982   -8.3020   -7.3579 H   0  0  0  0  0  0  0  0  0  0  0  0
   -0.4535   -3.7297   -3.7888 C   0  0  0  0  0  0  0  0  0  0  0  0
    0.2907   -4.4090   -4.8715 N   0  0  0  0  0  0  0  0  0  0  0  0
    1.1887   -4.8045   -4.5090 H   0  0  0  0  0  0  0  0  0  0  0  0
   -0.4470   -5.4591   -5.6064 C   0  0  1  0  0  0  0  0  0  0  0  0
   -0.3805   -5.3044   -7.0908 C   0  0  0  0  0  0  0  0  0  0  0  0
    0.1831   -6.3464   -7.6797 C   0  0  0  0  0  0  0  0  0  0  0  0
    0.6366   -7.3815   -6.7103 C   0  0  2  0  0  0  0  0  0  0  0  0
    0.1017   -8.6291   -7.0645 O   0  0  0  0  0  0  0  0  0  0  0  0
    0.1178   -6.8770   -5.3413 C   0  0  2  0  0  0  0  0  0  0  0  0
   -0.8689   -7.7253   -4.8000 O   0  0  0  0  0  0  0  0  0  0  0  0
    0.5897   -9.3044   -6.5225 H   0  0  0  0  0  0  0  0  0  0  0  0
   -1.6424   -7.7342   -5.4246 H   0  0  0  0  0  0  0  0  0  0  0  0
  1  2  1  0  0  0  0
  1 12  1  0  0  0  0
  1 13  1  0  0  0  0
  2  3  2  0  0  0  0
  2 11  1  0  0  0  0
  3  4  1  0  0  0  0
  4  5  2  0  0  0  0
  4  8  1  0  0  0  0
  5  6  1  0  0  0  0
  5  9  1  0  0  0  0
  6 27  1  0  0  0  0
  6  7  2  0  0  0  0
  7  8  1  0  0  0  0
  9 10  2  0  0  0  0
  9 11  1  0  0  0  0
 11 14  1  0  0  0  0
 15  8  1  6  0  0  0
 15 16  1  0  0  0  0
 15 20  1  0  0  0  0
 16 17  1  0  0  0  0
 17 24  1  6  0  0  0
 17 18  1  0  0  0  0
 18 19  1  1  0  0  0
 18 20  1  0  0  0  0
 19 22  1  0  0  0  0
 20 21  1  1  0  0  0
 21 23  1  0  0  0  0
 24 25  1  0  0  0  0
 25 26  1  0  0  0  0
 27 28  1  0  0  0  0
 28 29  1  0  0  0  0
 30 28  1  1  0  0  0
 30 31  1  0  0  0  0
 30 35  1  0  0  0  0
 31 32  2  0  0  0  0
 32 33  1  0  0  0  0
 33 34  1  6  0  0  0
 33 35  1  0  0  0  0
 34 37  1  0  0  0  0
 35 36  1  6  0  0  0
 36 38  1  0  0  0  0
M  END
END
