PFRMAT LG
TARGET T1124
MODEL 1
LIGAND 001 LIG
POSE 1
LIG
     RDKit          3D

 33 35  0  0  0  0  0  0  0  0999 V2000
    0.2373   -1.0334   -2.1081 C   0  0  2  0  0  0  0  0  0  0  0  0
    0.1388   -0.2395   -0.9420 O   0  0  0  0  0  0  0  0  0  0  0  0
    1.2474    0.6309   -0.9133 C   0  0  1  0  0  0  0  0  0  0  0  0
    1.7557    0.7853   -2.3484 C   0  0  1  0  0  0  0  0  0  0  0  0
    3.1297    1.0839   -2.4283 O   0  0  0  0  0  0  0  0  0  0  0  0
    1.3916   -0.5370   -2.9860 C   0  0  1  0  0  0  0  0  0  0  0  0
    2.4574   -1.4526   -2.9238 O   0  0  0  0  0  0  0  0  0  0  0  0
    3.6269    0.4582   -1.8393 H   0  0  0  0  0  0  0  0  0  0  0  0
    3.0297   -1.2810   -3.7168 H   0  0  0  0  0  0  0  0  0  0  0  0
   -4.4311   -1.2524   -6.0170 N   0  0  0  0  0  0  0  0  0  0  0  0
   -3.0364   -1.2569   -5.7121 C   0  0  0  0  0  0  0  0  0  0  0  0
   -2.1068   -1.4140   -6.7024 N   0  0  0  0  0  0  0  0  0  0  0  0
   -0.7639   -1.4309   -6.4258 C   0  0  0  0  0  0  0  0  0  0  0  0
   -0.3193   -1.2884   -5.1407 N   0  0  0  0  0  0  0  0  0  0  0  0
   -1.2420   -1.1286   -4.1607 C   0  0  0  0  0  0  0  0  0  0  0  0
   -2.5708   -1.1115   -4.4088 C   0  0  0  0  0  0  0  0  0  0  0  0
   -3.2628   -0.9731   -3.2622 N   0  0  0  0  0  0  0  0  0  0  0  0
   -2.2792   -0.9053   -2.3232 C   0  0  0  0  0  0  0  0  0  0  0  0
   -1.0280   -0.9870   -2.8456 N   0  0  0  0  0  0  0  0  0  0  0  0
   -5.1461   -1.1334   -5.2656 H   0  0  0  0  0  0  0  0  0  0  0  0
   -4.7508   -1.3647   -7.0047 H   0  0  0  0  0  0  0  0  0  0  0  0
    0.8226    1.9652   -0.2913 C   0  0  0  0  0  0  0  0  0  0  0  0
   -0.9565    1.9627    0.1380 S   0  0  0  0  0  0  0  0  0  0  0  0
   -1.4448    3.2317   -1.0840 C   0  0  0  0  0  0  0  0  0  0  0  0
   -1.5870    2.6025   -2.4761 C   0  0  0  0  0  0  0  0  0  0  0  0
   -1.0109    3.5027   -3.5979 C   0  0  2  0  0  0  0  0  0  0  0  0
   -1.7438    4.7670   -3.7122 N   0  0  0  0  0  0  0  0  0  0  0  0
   -1.4978    5.3843   -2.9055 H   0  0  0  0  0  0  0  0  0  0  0  0
   -2.7736    4.5851   -3.6800 H   0  0  0  0  0  0  0  0  0  0  0  0
   -1.0238    2.8182   -4.9382 C   0  0  0  0  0  0  0  0  0  0  0  0
   -2.0479    2.2081   -5.3530 O   0  0  0  0  0  0  0  0  0  0  0  0
    0.1158    2.8637   -5.7349 O   0  0  0  0  0  0  0  0  0  0  0  0
    0.1356    2.4136   -6.6426 H   0  0  0  0  0  0  0  0  0  0  0  0
  1 19  1  6  0  0  0
  1  2  1  0  0  0  0
  1  6  1  0  0  0  0
  2  3  1  0  0  0  0
  3 22  1  6  0  0  0
  3  4  1  0  0  0  0
  4  5  1  1  0  0  0
  4  6  1  0  0  0  0
  5  8  1  0  0  0  0
  6  7  1  1  0  0  0
  7  9  1  0  0  0  0
 10 11  1  0  0  0  0
 10 20  1  0  0  0  0
 10 21  1  0  0  0  0
 11 12  2  0  0  0  0
 11 16  1  0  0  0  0
 12 13  1  0  0  0  0
 13 14  2  0  0  0  0
 14 15  1  0  0  0  0
 15 16  2  0  0  0  0
 15 19  1  0  0  0  0
 16 17  1  0  0  0  0
 17 18  2  0  0  0  0
 18 19  1  0  0  0  0
 22 23  1  0  0  0  0
 23 24  1  0  0  0  0
 24 25  1  0  0  0  0
 26 25  1  1  0  0  0
 26 27  1  0  0  0  0
 26 30  1  0  0  0  0
 27 28  1  0  0  0  0
 27 29  1  0  0  0  0
 30 31  2  0  0  0  0
 30 32  1  0  0  0  0
 32 33  1  0  0  0  0
M  END
END
