PFRMAT LG
TARGET T1127v2
MODEL 1
LIGAND 001 LIG
POSE 1
LIG
     RDKit          3D

 59 61  0  0  0  0  0  0  0  0999 V2000
   -6.3696  -17.4050  -15.2086 P   0  0  1  0  0  0  0  0  0  0  0  0
   -5.4851  -18.5721  -15.5954 O   0  0  0  0  0  0  0  0  0  0  0  0
   -7.3201  -17.8589  -13.8790 O   0  0  0  0  0  0  0  0  0  0  0  0
   -8.2464  -17.9160  -14.2289 H   0  0  0  0  0  0  0  0  0  0  0  0
   -5.3677  -16.0937  -14.7887 O   0  0  0  0  0  0  0  0  0  0  0  0
   -4.1294  -15.9610  -15.9560 P   0  0  1  0  0  0  0  0  0  0  0  0
   -3.0382  -16.9889  -15.7279 O   0  0  0  0  0  0  0  0  0  0  0  0
   -4.8053  -16.1908  -17.4933 O   0  0  0  0  0  0  0  0  0  0  0  0
   -4.0963  -16.6199  -18.0366 H   0  0  0  0  0  0  0  0  0  0  0  0
   -3.5228  -14.3601  -15.8562 O   0  0  0  0  0  0  0  0  0  0  0  0
   -3.9458  -13.7082  -14.6723 C   0  0  0  0  0  0  0  0  0  0  0  0
   -4.4446  -11.4043  -13.7232 C   0  0  0  0  0  0  0  0  0  0  0  0
   -3.5097  -12.2119  -14.6577 C   0  0  0  0  0  0  0  0  0  0  0  0
   -3.6275  -11.6376  -16.0914 C   0  0  0  0  0  0  0  0  0  0  0  0
   -2.0375  -12.1287  -14.1285 C   0  0  1  0  0  0  0  0  0  0  0  0
   -1.5670  -13.4105  -13.7870 O   0  0  0  0  0  0  0  0  0  0  0  0
   -0.7643  -13.2837  -13.2144 H   0  0  0  0  0  0  0  0  0  0  0  0
   -1.0894  -11.4825  -15.1117 C   0  0  0  0  0  0  0  0  0  0  0  0
   -0.4297  -12.2193  -15.8984 O   0  0  0  0  0  0  0  0  0  0  0  0
   -0.9247  -10.0555  -15.1484 N   0  0  0  0  0  0  0  0  0  0  0  0
   -1.5800   -9.4498  -14.6122 H   0  0  0  0  0  0  0  0  0  0  0  0
    0.1314   -9.4158  -15.9305 C   0  0  0  0  0  0  0  0  0  0  0  0
   -0.3129   -8.0244  -16.3890 C   0  0  0  0  0  0  0  0  0  0  0  0
   -1.3022   -7.4282  -15.4344 C   0  0  0  0  0  0  0  0  0  0  0  0
   -2.5306   -7.6603  -15.5860 O   0  0  0  0  0  0  0  0  0  0  0  0
   -0.8473   -6.6211  -14.3399 N   0  0  0  0  0  0  0  0  0  0  0  0
    0.1741   -6.6223  -14.1083 H   0  0  0  0  0  0  0  0  0  0  0  0
   -1.6860   -5.5968  -13.7209 C   0  0  0  0  0  0  0  0  0  0  0  0
   -2.1211   -6.0452  -12.3284 C   0  0  0  0  0  0  0  0  0  0  0  0
   -0.6961   -6.0605  -11.1929 S   0  0  0  0  0  0  0  0  0  0  0  0
   -0.0947   -7.1561  -11.8511 H   0  0  0  0  0  0  0  0  0  0  0  0
   -7.3663  -16.9436  -16.5231 O   0  0  0  0  0  0  0  0  0  0  0  0
   -8.6666  -16.6776  -16.0456 C   0  0  0  0  0  0  0  0  0  0  0  0
   -9.1147  -15.2782  -16.4829 C   0  0  1  0  0  0  0  0  0  0  0  0
   -8.0617  -14.5999  -17.1200 O   0  0  0  0  0  0  0  0  0  0  0  0
   -8.6450  -13.6664  -18.0064 C   0  0  2  0  0  0  0  0  0  0  0  0
  -10.1489  -13.9618  -18.1331 C   0  0  2  0  0  0  0  0  0  0  0  0
  -10.8996  -12.9705  -17.4787 O   0  0  0  0  0  0  0  0  0  0  0  0
  -10.3035  -15.2971  -17.4348 C   0  0  2  0  0  0  0  0  0  0  0  0
  -10.8963  -12.1749  -18.0730 H   0  0  0  0  0  0  0  0  0  0  0  0
   -8.0000  -13.7470  -19.3213 N   0  0  0  0  0  0  0  0  0  0  0  0
   -8.5683  -13.9873  -20.5317 C   0  0  0  0  0  0  0  0  0  0  0  0
   -7.6740  -13.9889  -21.5610 N   0  0  0  0  0  0  0  0  0  0  0  0
   -6.5063  -13.7444  -20.9386 C   0  0  0  0  0  0  0  0  0  0  0  0
   -5.2194  -13.6605  -21.4632 C   0  0  0  0  0  0  0  0  0  0  0  0
   -4.9708  -13.7953  -22.8610 N   0  0  0  0  0  0  0  0  0  0  0  0
   -4.1906  -13.4483  -20.5903 N   0  0  0  0  0  0  0  0  0  0  0  0
   -4.4110  -13.3249  -19.2402 C   0  0  0  0  0  0  0  0  0  0  0  0
   -5.6782  -13.4095  -18.7344 N   0  0  0  0  0  0  0  0  0  0  0  0
   -6.6991  -13.6061  -19.6072 C   0  0  0  0  0  0  0  0  0  0  0  0
   -5.7547  -13.9495  -23.5336 H   0  0  0  0  0  0  0  0  0  0  0  0
   -3.9937  -13.7451  -23.2282 H   0  0  0  0  0  0  0  0  0  0  0  0
  -11.5062  -15.3935  -16.6943 O   0  0  0  0  0  0  0  0  0  0  0  0
  -12.4737  -16.6557  -17.3168 P   0  0  0  0  0  0  0  0  0  0  0  0
  -11.6211  -17.5070  -18.2259 O   0  0  0  0  0  0  0  0  0  0  0  0
  -13.7586  -16.0213  -18.2295 O   0  0  0  0  0  0  0  0  0  0  0  0
  -13.0482  -17.6359  -16.0550 O   0  0  0  0  0  0  0  0  0  0  0  0
  -14.5315  -15.9958  -17.6149 H   0  0  0  0  0  0  0  0  0  0  0  0
  -13.9065  -17.2313  -15.7755 H   0  0  0  0  0  0  0  0  0  0  0  0
  1  5  1  0  0  0  0
  1  2  2  6  0  0  0
  1  3  1  0  0  0  0
  1 32  1  0  0  0  0
  3  4  1  0  0  0  0
  5  6  1  0  0  0  0
  6 10  1  0  0  0  0
  6  7  2  1  0  0  0
  6  8  1  0  0  0  0
  8  9  1  0  0  0  0
 10 11  1  0  0  0  0
 11 13  1  0  0  0  0
 12 13  1  0  0  0  0
 13 14  1  0  0  0  0
 13 15  1  0  0  0  0
 15 16  1  6  0  0  0
 15 18  1  0  0  0  0
 16 17  1  0  0  0  0
 18 19  2  0  0  0  0
 18 20  1  0  0  0  0
 20 22  1  0  0  0  0
 20 21  1  0  0  0  0
 22 23  1  0  0  0  0
 23 24  1  0  0  0  0
 24 25  2  0  0  0  0
 24 26  1  0  0  0  0
 26 28  1  0  0  0  0
 26 27  1  0  0  0  0
 28 29  1  0  0  0  0
 29 30  1  0  0  0  0
 30 31  1  0  0  0  0
 32 33  1  0  0  0  0
 34 33  1  6  0  0  0
 34 35  1  0  0  0  0
 34 39  1  0  0  0  0
 35 36  1  0  0  0  0
 36 41  1  6  0  0  0
 36 37  1  0  0  0  0
 37 38  1  1  0  0  0
 37 39  1  0  0  0  0
 38 40  1  0  0  0  0
 39 53  1  1  0  0  0
 41 42  1  0  0  0  0
 41 50  1  0  0  0  0
 42 43  2  0  0  0  0
 43 44  1  0  0  0  0
 44 45  2  0  0  0  0
 44 50  1  0  0  0  0
 45 46  1  0  0  0  0
 45 47  1  0  0  0  0
 46 51  1  0  0  0  0
 46 52  1  0  0  0  0
 47 48  2  0  0  0  0
 48 49  1  0  0  0  0
 49 50  2  0  0  0  0
 53 54  1  0  0  0  0
 54 55  2  0  0  0  0
 54 56  1  0  0  0  0
 54 57  1  0  0  0  0
 56 58  1  0  0  0  0
 57 59  1  0  0  0  0
M  END
END
