PFRMAT LG
TARGET T1127
MODEL 1
LIGAND 001 LIG
POSE 1
LIG
     RDKit          3D

 59 61  0  0  0  0  0  0  0  0999 V2000
   -6.0343  -17.2679  -15.5430 P   0  0  1  0  0  0  0  0  0  0  0  0
   -5.7131  -16.9389  -14.1006 O   0  0  0  0  0  0  0  0  0  0  0  0
   -5.4277  -18.8037  -15.9130 O   0  0  0  0  0  0  0  0  0  0  0  0
   -4.4468  -18.6824  -15.9605 H   0  0  0  0  0  0  0  0  0  0  0  0
   -7.7195  -17.2536  -15.8205 O   0  0  0  0  0  0  0  0  0  0  0  0
   -8.0314  -17.9382  -17.0150 C   0  0  0  0  0  0  0  0  0  0  0  0
   -8.6463  -19.3299  -16.7307 C   0  0  1  0  0  0  0  0  0  0  0  0
   -9.1578  -19.3777  -15.4129 O   0  0  0  0  0  0  0  0  0  0  0  0
  -10.5593  -19.5046  -15.4884 C   0  0  2  0  0  0  0  0  0  0  0  0
  -10.9968  -19.2411  -16.9224 C   0  0  2  0  0  0  0  0  0  0  0  0
  -12.1351  -19.9938  -17.2525 O   0  0  0  0  0  0  0  0  0  0  0  0
   -9.7782  -19.6667  -17.7108 C   0  0  2  0  0  0  0  0  0  0  0  0
  -12.4470  -19.6539  -18.1326 H   0  0  0  0  0  0  0  0  0  0  0  0
  -11.1844  -18.5679  -14.5496 N   0  0  0  0  0  0  0  0  0  0  0  0
  -10.8776  -17.2621  -14.3457 C   0  0  0  0  0  0  0  0  0  0  0  0
  -11.5879  -16.6908  -13.3332 N   0  0  0  0  0  0  0  0  0  0  0  0
  -12.3610  -17.7019  -12.9035 C   0  0  0  0  0  0  0  0  0  0  0  0
  -13.3028  -17.7244  -11.8806 C   0  0  0  0  0  0  0  0  0  0  0  0
  -13.5645  -16.5763  -11.0747 N   0  0  0  0  0  0  0  0  0  0  0  0
  -13.9657  -18.8985  -11.6552 N   0  0  0  0  0  0  0  0  0  0  0  0
  -13.7057  -20.0198  -12.4026 C   0  0  0  0  0  0  0  0  0  0  0  0
  -12.7706  -19.9905  -13.4008 N   0  0  0  0  0  0  0  0  0  0  0  0
  -12.1243  -18.8201  -13.6293 C   0  0  0  0  0  0  0  0  0  0  0  0
  -12.9463  -15.7382  -11.1275 H   0  0  0  0  0  0  0  0  0  0  0  0
  -14.3282  -16.5939  -10.3662 H   0  0  0  0  0  0  0  0  0  0  0  0
   -9.8224  -21.0674  -17.9300 O   0  0  0  0  0  0  0  0  0  0  0  0
  -10.1609  -21.3845  -19.5747 P   0  0  0  0  0  0  0  0  0  0  0  0
   -9.7095  -22.7809  -19.9448 O   0  0  0  0  0  0  0  0  0  0  0  0
  -11.8280  -21.2650  -19.8288 O   0  0  0  0  0  0  0  0  0  0  0  0
   -9.3688  -20.2531  -20.5523 O   0  0  0  0  0  0  0  0  0  0  0  0
  -12.1180  -20.5078  -19.2638 H   0  0  0  0  0  0  0  0  0  0  0  0
   -9.6684  -19.3728  -20.2148 H   0  0  0  0  0  0  0  0  0  0  0  0
   -5.2954  -16.1331  -16.5769 O   0  0  0  0  0  0  0  0  0  0  0  0
   -5.8085  -14.5744  -16.1088 P   0  0  1  0  0  0  0  0  0  0  0  0
   -5.3425  -13.5303  -17.1056 O   0  0  0  0  0  0  0  0  0  0  0  0
   -7.4994  -14.5350  -16.0223 O   0  0  0  0  0  0  0  0  0  0  0  0
   -7.7333  -15.2587  -15.3870 H   0  0  0  0  0  0  0  0  0  0  0  0
   -5.1644  -14.2590  -14.5515 O   0  0  0  0  0  0  0  0  0  0  0  0
   -3.8046  -13.8650  -14.6332 C   0  0  0  0  0  0  0  0  0  0  0  0
   -4.0440  -12.9476  -12.2781 C   0  0  0  0  0  0  0  0  0  0  0  0
   -3.5028  -12.6519  -13.7001 C   0  0  0  0  0  0  0  0  0  0  0  0
   -4.2235  -11.4019  -14.2561 C   0  0  0  0  0  0  0  0  0  0  0  0
   -1.9489  -12.4254  -13.6584 C   0  0  1  0  0  0  0  0  0  0  0  0
   -1.3020  -13.6343  -13.3392 O   0  0  0  0  0  0  0  0  0  0  0  0
   -0.4090  -13.4017  -12.9746 H   0  0  0  0  0  0  0  0  0  0  0  0
   -1.3693  -11.8826  -14.9473 C   0  0  0  0  0  0  0  0  0  0  0  0
   -0.9324  -12.7837  -15.9235 O   0  0  0  0  0  0  0  0  0  0  0  0
   -1.2642  -10.5974  -15.1131 N   0  0  0  0  0  0  0  0  0  0  0  0
   -0.4960  -12.4914  -16.7885 H   0  0  0  0  0  0  0  0  0  0  0  0
   -0.7219   -9.9337  -16.2941 C   0  0  0  0  0  0  0  0  0  0  0  0
   -0.9531   -8.4250  -16.1973 C   0  0  0  0  0  0  0  0  0  0  0  0
   -0.8527   -7.9301  -14.7835 C   0  0  0  0  0  0  0  0  0  0  0  0
    0.3437   -8.0709  -14.0763 O   0  0  0  0  0  0  0  0  0  0  0  0
   -1.8857   -7.3765  -14.2260 N   0  0  0  0  0  0  0  0  0  0  0  0
    1.1644   -8.4813  -14.5030 H   0  0  0  0  0  0  0  0  0  0  0  0
   -1.9033   -6.8748  -12.8533 C   0  0  0  0  0  0  0  0  0  0  0  0
   -1.5422   -5.3909  -12.8198 C   0  0  0  0  0  0  0  0  0  0  0  0
   -0.1721   -5.1011  -11.6548 S   0  0  0  0  0  0  0  0  0  0  0  0
   -0.9476   -5.4592  -10.5333 H   0  0  0  0  0  0  0  0  0  0  0  0
  1  2  2  1  0  0  0
  1  3  1  0  0  0  0
  1  5  1  0  0  0  0
  3  4  1  0  0  0  0
  5  6  1  0  0  0  0
  7  6  1  6  0  0  0
  7  8  1  0  0  0  0
  7 12  1  0  0  0  0
  8  9  1  0  0  0  0
  9 14  1  1  0  0  0
  9 10  1  0  0  0  0
 10 11  1  6  0  0  0
 10 12  1  0  0  0  0
 11 13  1  0  0  0  0
 12 26  1  1  0  0  0
 14 15  1  0  0  0  0
 14 23  1  0  0  0  0
 15 16  2  0  0  0  0
 16 17  1  0  0  0  0
 17 18  2  0  0  0  0
 17 23  1  0  0  0  0
 18 19  1  0  0  0  0
 18 20  1  0  0  0  0
 19 24  1  0  0  0  0
 19 25  1  0  0  0  0
 20 21  2  0  0  0  0
 21 22  1  0  0  0  0
 22 23  2  0  0  0  0
 26 27  1  0  0  0  0
 27 28  2  0  0  0  0
 27 29  1  0  0  0  0
 27 30  1  0  0  0  0
 29 31  1  0  0  0  0
 30 32  1  0  0  0  0
 33  1  1  0  0  0  0
 34 35  2  6  0  0  0
 34 36  1  0  0  0  0
 34 33  1  0  0  0  0
 36 37  1  0  0  0  0
 38 34  1  0  0  0  0
 39 38  1  0  0  0  0
 40 41  1  0  0  0  0
 41 42  1  0  0  0  0
 41 39  1  0  0  0  0
 41 43  1  0  0  0  0
 43 44  1  6  0  0  0
 43 46  1  0  0  0  0
 44 45  1  0  0  0  0
 46 47  1  0  0  0  0
 46 48  2  0  0  0  0
 47 49  1  0  0  0  0
 48 50  1  0  0  0  0
 50 51  1  0  0  0  0
 51 52  1  0  0  0  0
 52 53  1  0  0  0  0
 52 54  2  0  0  0  0
 53 55  1  0  0  0  0
 54 56  1  0  0  0  0
 56 57  1  0  0  0  0
 57 58  1  0  0  0  0
 58 59  1  0  0  0  0
M  END
END
