PFRMAT LG
TARGET T1146
MODEL 1
LIGAND 001 LIG
POSE 1
LIG
     RDKit          3D

 20 20  0  0  0  0  0  0  0  0999 V2000
    6.1111   -1.4264   -3.1477 C   0  0  1  0  0  0  0  0  0  0  0  0
    7.3762   -1.9909   -2.4704 C   0  0  2  0  0  0  0  0  0  0  0  0
    8.3272   -0.9654   -2.3668 O   0  0  0  0  0  0  0  0  0  0  0  0
    7.9334   -3.0498   -3.2303 O   0  0  0  0  0  0  0  0  0  0  0  0
    7.0070   -4.0615   -3.6355 C   0  0  1  0  0  0  0  0  0  0  0  0
    5.5580   -3.9273   -3.0810 C   0  0  1  0  0  0  0  0  0  0  0  0
    5.5588   -4.2721   -1.7180 O   0  0  0  0  0  0  0  0  0  0  0  0
    4.9964   -2.4949   -3.2651 C   0  0  2  0  0  0  0  0  0  0  0  0
    4.3791   -2.3760   -4.5243 O   0  0  0  0  0  0  0  0  0  0  0  0
    9.0787   -1.3312   -1.8319 H   0  0  0  0  0  0  0  0  0  0  0  0
    4.6195   -4.4733   -1.4669 H   0  0  0  0  0  0  0  0  0  0  0  0
    3.5103   -2.8506   -4.4669 H   0  0  0  0  0  0  0  0  0  0  0  0
    4.7149    1.1209   -0.5025 C   0  0  0  0  0  0  0  0  0  0  0  0
    5.1396   -0.1751   -1.1156 C   0  0  0  0  0  0  0  0  0  0  0  0
    5.0611   -1.2276   -0.4278 O   0  0  0  0  0  0  0  0  0  0  0  0
    5.6248   -0.2153   -2.4695 N   0  0  0  0  0  0  0  0  0  0  0  0
    5.6577    0.6791   -3.0084 H   0  0  0  0  0  0  0  0  0  0  0  0
    7.0111   -4.1495   -5.1710 C   0  0  0  0  0  0  0  0  0  0  0  0
    5.8804   -4.8419   -5.6245 O   0  0  0  0  0  0  0  0  0  0  0  0
    6.0843   -5.8111   -5.5459 H   0  0  0  0  0  0  0  0  0  0  0  0
  1 16  1  1  0  0  0
  1  2  1  0  0  0  0
  1  8  1  0  0  0  0
  2  3  1  6  0  0  0
  2  4  1  0  0  0  0
  3 10  1  0  0  0  0
  4  5  1  0  0  0  0
  5 18  1  6  0  0  0
  5  6  1  0  0  0  0
  6  7  1  1  0  0  0
  6  8  1  0  0  0  0
  7 11  1  0  0  0  0
  8  9  1  6  0  0  0
  9 12  1  0  0  0  0
 13 14  1  0  0  0  0
 14 15  2  0  0  0  0
 14 16  1  0  0  0  0
 16 17  1  0  0  0  0
 18 19  1  0  0  0  0
 19 20  1  0  0  0  0
M  END
END
