PFRMAT LG
TARGET T1152
MODEL 1
LIGAND 001 LIG
POSE 1
LIG
     RDKit          3D

 54 56  0  0  0  0  0  0  0  0999 V2000
    5.1864   -3.4269    7.9112 C   0  0  1  0  0  0  0  0  0  0  0  0
    6.1844   -4.3225    7.4497 O   0  0  0  0  0  0  0  0  0  0  0  0
    7.1420   -3.7553    6.5530 C   0  0  1  0  0  0  0  0  0  0  0  0
    7.0169   -2.2153    6.3228 C   0  0  2  0  0  0  0  0  0  0  0  0
    5.5599   -1.8692    5.9316 C   0  0  1  0  0  0  0  0  0  0  0  0
    5.3868   -2.0147    4.5423 O   0  0  0  0  0  0  0  0  0  0  0  0
    4.5199   -2.7147    6.7200 C   0  0  1  0  0  0  0  0  0  0  0  0
    4.5701   -1.5041    4.2997 H   0  0  0  0  0  0  0  0  0  0  0  0
    3.8710   -3.7069    5.8501 N   0  0  0  0  0  0  0  0  0  0  0  0
    2.4482   -3.8084    5.7012 C   0  0  0  0  0  0  0  0  0  0  0  0
    1.8767   -4.7133    4.6591 C   0  0  0  0  0  0  0  0  0  0  0  0
    1.6719   -3.1412    6.4391 O   0  0  0  0  0  0  0  0  0  0  0  0
    4.4720   -4.3502    5.2872 H   0  0  0  0  0  0  0  0  0  0  0  0
    8.5400   -4.1583    7.0525 C   0  0  0  0  0  0  0  0  0  0  0  0
    9.0744   -3.1898    7.9147 O   0  0  0  0  0  0  0  0  0  0  0  0
    9.3528   -2.4247    7.3461 H   0  0  0  0  0  0  0  0  0  0  0  0
    4.1978   -4.1645    8.6105 O   0  0  0  0  0  0  0  0  0  0  0  0
    5.3169   -7.7748    9.6096 C   0  0  2  0  0  0  0  0  0  0  0  0
    4.2739   -8.3341    8.6129 C   0  0  1  0  0  0  0  0  0  0  0  0
    4.1357   -9.7210    8.7868 O   0  0  0  0  0  0  0  0  0  0  0  0
    3.0294   -7.7000    8.8375 O   0  0  0  0  0  0  0  0  0  0  0  0
    3.0240   -6.3647    8.3426 C   0  0  2  0  0  0  0  0  0  0  0  0
    4.3609   -5.5861    8.6212 C   0  0  2  0  0  0  0  0  0  0  0  0
    5.1901   -6.2292    9.7826 C   0  0  2  0  0  0  0  0  0  0  0  0
    6.4520   -5.6277    9.9524 O   0  0  0  0  0  0  0  0  0  0  0  0
    3.6532   -9.8666    9.6409 H   0  0  0  0  0  0  0  0  0  0  0  0
    6.8390   -5.4490    9.0568 H   0  0  0  0  0  0  0  0  0  0  0  0
    8.6326   -8.8152    7.7577 C   0  0  0  0  0  0  0  0  0  0  0  0
    7.2888   -8.1950    7.9787 C   0  0  0  0  0  0  0  0  0  0  0  0
    6.7148   -7.6332    7.0112 O   0  0  0  0  0  0  0  0  0  0  0  0
    6.6799   -8.2290    9.2827 N   0  0  0  0  0  0  0  0  0  0  0  0
    7.2286   -8.6578   10.0622 H   0  0  0  0  0  0  0  0  0  0  0  0
    1.7556   -5.6734    8.8726 C   0  0  0  0  0  0  0  0  0  0  0  0
    1.9865   -5.0473   10.1062 O   0  0  0  0  0  0  0  0  0  0  0  0
    1.9626   -5.7551   10.7999 H   0  0  0  0  0  0  0  0  0  0  0  0
    7.8848   -1.8030    5.2738 O   0  0  0  0  0  0  0  0  0  0  0  0
    8.7957   -0.7549    5.5992 C   0  0  2  0  0  0  0  0  0  0  0  0
    8.7700   -0.3808    6.9684 O   0  0  0  0  0  0  0  0  0  0  0  0
    9.9160    0.3924    7.2918 C   0  0  1  0  0  0  0  0  0  0  0  0
    9.9221    1.7454    6.5226 C   0  0  1  0  0  0  0  0  0  0  0  0
   11.1159    2.4492    6.7614 O   0  0  0  0  0  0  0  0  0  0  0  0
    9.7132    1.5391    4.9993 C   0  0  2  0  0  0  0  0  0  0  0  0
    9.3795    2.7588    4.3852 O   0  0  0  0  0  0  0  0  0  0  0  0
    8.6425    0.4711    4.6705 C   0  0  2  0  0  0  0  0  0  0  0  0
   11.8693    1.8874    6.4409 H   0  0  0  0  0  0  0  0  0  0  0  0
   10.2178    3.2835    4.3096 H   0  0  0  0  0  0  0  0  0  0  0  0
    7.2751    1.0190    4.6038 N   0  0  0  0  0  0  0  0  0  0  0  0
    6.4309    1.1440    3.4437 C   0  0  0  0  0  0  0  0  0  0  0  0
    4.9806    1.4692    3.6161 C   0  0  0  0  0  0  0  0  0  0  0  0
    6.9010    1.0606    2.2807 O   0  0  0  0  0  0  0  0  0  0  0  0
    6.8382    1.2720    5.5201 H   0  0  0  0  0  0  0  0  0  0  0  0
    9.9480    0.6098    8.8109 C   0  0  0  0  0  0  0  0  0  0  0  0
   11.2293    0.9739    9.2489 O   0  0  0  0  0  0  0  0  0  0  0  0
   11.3264    1.9453    9.0625 H   0  0  0  0  0  0  0  0  0  0  0  0
  1 17  1  6  0  0  0
  1  2  1  0  0  0  0
  1  7  1  0  0  0  0
  2  3  1  0  0  0  0
  3 14  1  1  0  0  0
  3  4  1  0  0  0  0
  4 36  1  6  0  0  0
  4  5  1  0  0  0  0
  5  6  1  6  0  0  0
  5  7  1  0  0  0  0
  6  8  1  0  0  0  0
  7  9  1  6  0  0  0
  9 10  1  0  0  0  0
  9 13  1  0  0  0  0
 10 11  1  0  0  0  0
 10 12  2  0  0  0  0
 14 15  1  0  0  0  0
 15 16  1  0  0  0  0
 18 31  1  6  0  0  0
 18 19  1  0  0  0  0
 18 24  1  0  0  0  0
 19 20  1  1  0  0  0
 19 21  1  0  0  0  0
 20 26  1  0  0  0  0
 21 22  1  0  0  0  0
 22 33  1  1  0  0  0
 22 23  1  0  0  0  0
 23 17  1  1  0  0  0
 23 24  1  0  0  0  0
 24 25  1  6  0  0  0
 25 27  1  0  0  0  0
 28 29  1  0  0  0  0
 29 30  2  0  0  0  0
 29 31  1  0  0  0  0
 31 32  1  0  0  0  0
 33 34  1  0  0  0  0
 34 35  1  0  0  0  0
 37 36  1  1  0  0  0
 37 38  1  0  0  0  0
 37 44  1  0  0  0  0
 38 39  1  0  0  0  0
 39 52  1  1  0  0  0
 39 40  1  0  0  0  0
 40 41  1  6  0  0  0
 40 42  1  0  0  0  0
 41 45  1  0  0  0  0
 42 43  1  1  0  0  0
 42 44  1  0  0  0  0
 43 46  1  0  0  0  0
 44 47  1  1  0  0  0
 47 48  1  0  0  0  0
 47 51  1  0  0  0  0
 48 49  1  0  0  0  0
 48 50  2  0  0  0  0
 52 53  1  0  0  0  0
 53 54  1  0  0  0  0
M  END
END
