PFRMAT LG
TARGET T1158v3
MODEL 1
LIGAND 001 LIG
POSE 1
LIG
     RDKit          3D

 26 29  0  0  0  0  0  0  0  0999 V2000
    8.4753  -22.8602  -15.2359 C   0  0  0  0  0  0  0  0  0  0  0  0
    8.1628  -24.3228  -14.8116 C   0  0  2  0  0  0  0  0  0  0  0  0
    9.2194  -24.8559  -13.8246 C   0  0  0  0  0  0  0  0  0  0  0  0
   10.5926  -25.0051  -14.5284 C   0  0  0  0  0  0  0  0  0  0  0  0
   10.5367  -25.7972  -15.8823 C   0  0  1  0  0  0  0  0  0  0  0  0
    9.3558  -25.3610  -16.8094 C   0  0  2  0  0  0  0  0  0  0  0  0
    8.0689  -25.3254  -15.9662 C   0  0  2  0  0  0  0  0  0  0  0  0
    6.7166  -25.0536  -16.6286 C   0  0  0  0  0  0  0  0  0  0  0  0
    5.7970  -24.7442  -15.4336 C   0  0  0  0  0  0  0  0  0  0  0  0
    6.7463  -24.3491  -14.3431 C   0  0  0  0  0  0  0  0  0  0  0  0
    6.3897  -24.0294  -13.2195 O   0  0  0  0  0  0  0  0  0  0  0  0
    9.2148  -26.3548  -17.9736 C   0  0  0  0  0  0  0  0  0  0  0  0
   10.5282  -26.7292  -18.6017 C   0  0  0  0  0  0  0  0  0  0  0  0
   11.7304  -26.5735  -18.0017 C   0  0  0  0  0  0  0  0  0  0  0  0
   11.9015  -25.8206  -16.6716 C   0  0  2  0  0  0  0  0  0  0  0  0
   12.9685  -26.5637  -15.8083 C   0  0  0  0  0  0  0  0  0  0  0  0
   14.2448  -26.9309  -16.5795 C   0  0  0  0  0  0  0  0  0  0  0  0
   13.9185  -27.7927  -17.8047 C   0  0  1  0  0  0  0  0  0  0  0  0
   12.9730  -27.0372  -18.7419 C   0  0  0  0  0  0  0  0  0  0  0  0
   12.4061  -24.3857  -16.9892 C   0  0  0  0  0  0  0  0  0  0  0  0
   15.1138  -28.0732  -18.5084 O   0  0  0  0  0  0  0  0  0  0  0  0
   15.7234  -29.5913  -18.0489 S   0  0  0  0  0  0  0  0  0  0  0  0
   16.1748  -30.3463  -19.2660 O   0  0  0  0  0  0  0  0  0  0  0  0
   14.6752  -30.3855  -17.3201 O   0  0  0  0  0  0  0  0  0  0  0  0
   17.0413  -29.3621  -17.0323 O   0  0  0  0  0  0  0  0  0  0  0  0
   16.7181  -28.7406  -16.3331 H   0  0  0  0  0  0  0  0  0  0  0  0
  2  1  1  6  0  0  0
  2  3  1  0  0  0  0
  2  7  1  0  0  0  0
  2 10  1  0  0  0  0
  3  4  1  0  0  0  0
  5  4  1  1  0  0  0
  5  6  1  0  0  0  0
  5 15  1  0  0  0  0
  6  7  1  0  0  0  0
  6 12  1  6  0  0  0
  7  8  1  6  0  0  0
  8  9  1  0  0  0  0
  9 10  1  0  0  0  0
 10 11  2  0  0  0  0
 12 13  1  0  0  0  0
 13 14  2  0  0  0  0
 14 15  1  0  0  0  0
 14 19  1  0  0  0  0
 15 16  1  0  0  0  0
 15 20  1  6  0  0  0
 16 17  1  0  0  0  0
 17 18  1  0  0  0  0
 18 19  1  0  0  0  0
 18 21  1  6  0  0  0
 21 22  1  0  0  0  0
 22 23  2  0  0  0  0
 22 24  2  0  0  0  0
 22 25  1  0  0  0  0
 25 26  1  0  0  0  0
M  END
END
