PFRMAT LG
TARGET T1158v4
MODEL 1
LIGAND 001 LIG
POSE 1
LIG
     RDKit          3D

 39 41  0  0  0  0  0  0  0  0999 V2000
   10.5625  -27.9279  -14.1034 C   0  0  1  0  0  0  0  0  0  0  0  0
    9.5558  -27.4476  -15.1477 C   0  0  1  0  0  0  0  0  0  0  0  0
    9.9554  -28.2317  -16.3752 C   0  0  1  0  0  0  0  0  0  0  0  0
   11.4477  -28.4965  -16.1384 C   0  0  2  0  0  0  0  0  0  0  0  0
   11.7213  -28.4007  -14.7550 O   0  0  0  0  0  0  0  0  0  0  0  0
    9.2351  -29.4380  -16.4913 O   0  0  0  0  0  0  0  0  0  0  0  0
    8.2340  -27.7228  -14.7610 O   0  0  0  0  0  0  0  0  0  0  0  0
    9.4169  -29.9892  -15.6847 H   0  0  0  0  0  0  0  0  0  0  0  0
    8.0134  -27.0756  -14.0415 H   0  0  0  0  0  0  0  0  0  0  0  0
    8.3238  -25.9350  -10.8393 C   0  0  0  0  0  0  0  0  0  0  0  0
    9.0373  -24.9847  -10.1530 N   0  0  0  0  0  0  0  0  0  0  0  0
   10.3277  -24.6820  -10.4874 C   0  0  0  0  0  0  0  0  0  0  0  0
   10.8927  -25.3694  -11.5550 C   0  0  0  0  0  0  0  0  0  0  0  0
   10.1701  -26.3011  -12.2167 C   0  0  0  0  0  0  0  0  0  0  0  0
    8.8925  -26.6077  -11.8853 N   0  0  0  0  0  0  0  0  0  0  0  0
   10.9209  -26.8493  -13.1808 N   0  0  0  0  0  0  0  0  0  0  0  0
   12.1138  -26.2101  -13.0622 C   0  0  0  0  0  0  0  0  0  0  0  0
   12.1343  -25.2820  -12.0667 N   0  0  0  0  0  0  0  0  0  0  0  0
   11.0575  -23.6992   -9.7528 N   0  0  0  0  0  0  0  0  0  0  0  0
   12.0443  -23.4667  -10.0020 H   0  0  0  0  0  0  0  0  0  0  0  0
   10.6058  -23.1972   -8.9565 H   0  0  0  0  0  0  0  0  0  0  0  0
   12.3314  -27.4986  -16.8965 C   0  0  0  0  0  0  0  0  0  0  0  0
   13.6807  -27.8175  -16.6566 O   0  0  0  0  0  0  0  0  0  0  0  0
   14.2566  -28.8244  -17.9086 P   0  0  2  0  0  0  0  0  0  0  0  0
   13.2006  -29.0523  -18.9676 O   0  0  0  0  0  0  0  0  0  0  0  0
   14.7052  -30.3171  -17.2473 O   0  0  0  0  0  0  0  0  0  0  0  0
   13.8552  -30.8078  -17.1141 H   0  0  0  0  0  0  0  0  0  0  0  0
   15.6398  -28.1261  -18.6144 O   0  0  0  0  0  0  0  0  0  0  0  0
   16.8995  -29.2729  -18.5585 P   0  0  1  0  0  0  0  0  0  0  0  0
   16.4359  -30.4980  -19.3146 O   0  0  0  0  0  0  0  0  0  0  0  0
   18.2748  -28.6511  -19.3300 O   0  0  0  0  0  0  0  0  0  0  0  0
   18.8274  -28.2641  -18.6031 H   0  0  0  0  0  0  0  0  0  0  0  0
   17.2537  -29.6806  -16.9393 O   0  0  0  0  0  0  0  0  0  0  0  0
   18.3534  -28.5332  -16.3270 P   0  0  0  0  0  0  0  0  0  0  0  0
   19.7712  -28.8577  -16.7453 O   0  0  0  0  0  0  0  0  0  0  0  0
   17.9340  -27.0122  -16.9386 O   0  0  0  0  0  0  0  0  0  0  0  0
   18.2559  -28.4870  -14.6367 O   0  0  0  0  0  0  0  0  0  0  0  0
   18.6747  -26.4142  -16.6665 H   0  0  0  0  0  0  0  0  0  0  0  0
   18.9437  -27.8314  -14.3595 H   0  0  0  0  0  0  0  0  0  0  0  0
  1 16  1  1  0  0  0
  1  2  1  0  0  0  0
  1  5  1  0  0  0  0
  2  3  1  0  0  0  0
  2  7  1  1  0  0  0
  3  4  1  0  0  0  0
  3  6  1  1  0  0  0
  4  5  1  0  0  0  0
  4 22  1  6  0  0  0
  6  8  1  0  0  0  0
  7  9  1  0  0  0  0
 10 11  2  0  0  0  0
 10 15  1  0  0  0  0
 11 12  1  0  0  0  0
 12 13  2  0  0  0  0
 12 19  1  0  0  0  0
 13 14  1  0  0  0  0
 13 18  1  0  0  0  0
 14 15  2  0  0  0  0
 14 16  1  0  0  0  0
 16 17  1  0  0  0  0
 17 18  2  0  0  0  0
 19 20  1  0  0  0  0
 19 21  1  0  0  0  0
 22 23  1  0  0  0  0
 23 24  1  0  0  0  0
 24 25  2  6  0  0  0
 24 26  1  0  0  0  0
 24 28  1  0  0  0  0
 26 27  1  0  0  0  0
 28 29  1  0  0  0  0
 29 30  2  6  0  0  0
 29 31  1  0  0  0  0
 29 33  1  0  0  0  0
 31 32  1  0  0  0  0
 33 34  1  0  0  0  0
 34 35  2  0  0  0  0
 34 36  1  0  0  0  0
 34 37  1  0  0  0  0
 36 38  1  0  0  0  0
 37 39  1  0  0  0  0
M  END
END
