PFRMAT LG
TARGET T1158v2
MODEL 1
LIGAND 001 LIG
POSE 1
LIG
     RDKit          3D

 28 28  0  0  0  0  0  0  0  0999 V2000
   12.9664  -19.2351   -7.2121 C   0  0  1  0  0  0  0  0  0  0  0  0
   14.4419  -19.0034   -6.8177 C   0  0  1  0  0  0  0  0  0  0  0  0
   14.7938  -17.5902   -7.2887 C   0  0  0  0  0  0  0  0  0  0  0  0
   13.7929  -17.3090   -8.3449 C   0  0  0  0  0  0  0  0  0  0  0  0
   13.8556  -16.3328   -9.0765 O   0  0  0  0  0  0  0  0  0  0  0  0
   12.7263  -18.3444   -8.4494 C   0  0  2  0  0  0  0  0  0  0  0  0
   14.6225  -19.1088   -5.4292 O   0  0  0  0  0  0  0  0  0  0  0  0
   14.7522  -20.0714   -5.2301 H   0  0  0  0  0  0  0  0  0  0  0  0
   11.6653  -21.3291   -6.8755 C   0  0  0  0  0  0  0  0  0  0  0  0
   12.6713  -20.6894   -7.4925 C   0  0  0  0  0  0  0  0  0  0  0  0
   11.3770  -22.7941   -7.1185 C   0  0  1  0  0  0  0  0  0  0  0  0
   12.4745  -23.5708   -6.7119 O   0  0  0  0  0  0  0  0  0  0  0  0
   13.1950  -23.4193   -7.3778 H   0  0  0  0  0  0  0  0  0  0  0  0
   10.1194  -23.2599   -6.3636 C   0  0  0  0  0  0  0  0  0  0  0  0
    9.6976  -24.6861   -6.7635 C   0  0  0  0  0  0  0  0  0  0  0  0
    8.9455  -24.7253   -8.1024 C   0  0  0  0  0  0  0  0  0  0  0  0
    6.9937  -23.7422   -9.3712 C   0  0  0  0  0  0  0  0  0  0  0  0
    7.5282  -24.1374   -7.9977 C   0  0  0  0  0  0  0  0  0  0  0  0
   11.2974  -17.7619   -8.5135 C   0  0  0  0  0  0  0  0  0  0  0  0
   10.5388  -17.8411   -7.2061 C   0  0  0  0  0  0  0  0  0  0  0  0
    9.6537  -16.9135   -6.8035 C   0  0  0  0  0  0  0  0  0  0  0  0
    9.2605  -15.6918   -7.6030 C   0  0  0  0  0  0  0  0  0  0  0  0
    7.7954  -15.3049   -7.3505 C   0  0  0  0  0  0  0  0  0  0  0  0
    7.0066  -15.0000   -8.6371 C   0  0  0  0  0  0  0  0  0  0  0  0
    5.6027  -15.5246   -8.5758 C   0  0  0  0  0  0  0  0  0  0  0  0
    4.8714  -15.2451   -7.5884 O   0  0  0  0  0  0  0  0  0  0  0  0
    5.1066  -16.3308   -9.5944 O   0  0  0  0  0  0  0  0  0  0  0  0
    4.1620  -16.6921   -9.5577 H   0  0  0  0  0  0  0  0  0  0  0  0
  1 10  1  6  0  0  0
  1  2  1  0  0  0  0
  1  6  1  0  0  0  0
  2  3  1  0  0  0  0
  2  7  1  1  0  0  0
  3  4  1  0  0  0  0
  4  5  2  0  0  0  0
  4  6  1  0  0  0  0
  6 19  1  1  0  0  0
  7  8  1  0  0  0  0
  9 10  2  0  0  0  0
 11  9  1  1  0  0  0
 11 14  1  0  0  0  0
 11 12  1  0  0  0  0
 12 13  1  0  0  0  0
 14 15  1  0  0  0  0
 15 16  1  0  0  0  0
 16 18  1  0  0  0  0
 17 18  1  0  0  0  0
 19 20  1  0  0  0  0
 20 21  2  0  0  0  0
 21 22  1  0  0  0  0
 22 23  1  0  0  0  0
 23 24  1  0  0  0  0
 24 25  1  0  0  0  0
 25 26  2  0  0  0  0
 25 27  1  0  0  0  0
 27 28  1  0  0  0  0
M  END
END
