PFRMAT LG
TARGET T1158v1
MODEL 1
LIGAND 001 LIG
POSE 1
LIG
     RDKit          3D

 28 28  0  0  0  0  0  0  0  0999 V2000
  -15.3887    7.3173    8.3871 C   0  0  1  0  0  0  0  0  0  0  0  0
  -13.8785    7.2050    8.0653 C   0  0  1  0  0  0  0  0  0  0  0  0
  -13.3862    8.6165    7.7498 C   0  0  0  0  0  0  0  0  0  0  0  0
  -14.6243    9.4030    7.5317 C   0  0  0  0  0  0  0  0  0  0  0  0
  -14.6024   10.5377    7.0776 O   0  0  0  0  0  0  0  0  0  0  0  0
  -15.8904    8.6916    7.8761 C   0  0  2  0  0  0  0  0  0  0  0  0
  -13.1667    6.6818    9.1569 O   0  0  0  0  0  0  0  0  0  0  0  0
  -13.3742    5.7113    9.1923 H   0  0  0  0  0  0  0  0  0  0  0  0
  -16.5583    5.0264    8.5722 C   0  0  0  0  0  0  0  0  0  0  0  0
  -16.1794    6.1215    7.8812 C   0  0  0  0  0  0  0  0  0  0  0  0
  -16.2761    4.7293   10.0269 C   0  0  1  0  0  0  0  0  0  0  0  0
  -17.0948    5.5631   10.8068 O   0  0  0  0  0  0  0  0  0  0  0  0
  -16.6362    5.7020   11.6765 H   0  0  0  0  0  0  0  0  0  0  0  0
  -16.6203    3.2524   10.3079 C   0  0  0  0  0  0  0  0  0  0  0  0
  -16.0542    2.7303   11.6378 C   0  0  0  0  0  0  0  0  0  0  0  0
  -17.1042    2.7337   12.7606 C   0  0  0  0  0  0  0  0  0  0  0  0
  -17.8958    0.9992   14.4113 C   0  0  0  0  0  0  0  0  0  0  0  0
  -16.6976    1.7902   13.8953 C   0  0  0  0  0  0  0  0  0  0  0  0
  -16.7150    9.5035    8.9182 C   0  0  0  0  0  0  0  0  0  0  0  0
  -16.6983    8.8752   10.3238 C   0  0  0  0  0  0  0  0  0  0  0  0
  -18.0108    9.0871   11.0909 C   0  0  0  0  0  0  0  0  0  0  0  0
  -17.8443    8.8255   12.5963 C   0  0  0  0  0  0  0  0  0  0  0  0
  -17.9866   10.1170   13.4257 C   0  0  0  0  0  0  0  0  0  0  0  0
  -19.0746   11.0603   12.8818 C   0  0  0  0  0  0  0  0  0  0  0  0
  -18.5288   12.4200   12.5520 C   0  0  0  0  0  0  0  0  0  0  0  0
  -18.9883   13.4410   13.1296 O   0  0  0  0  0  0  0  0  0  0  0  0
  -17.4943   12.5645   11.6246 O   0  0  0  0  0  0  0  0  0  0  0  0
  -17.1206   13.4778   11.3913 H   0  0  0  0  0  0  0  0  0  0  0  0
  1 10  1  6  0  0  0
  1  2  1  0  0  0  0
  1  6  1  0  0  0  0
  2  3  1  0  0  0  0
  2  7  1  1  0  0  0
  3  4  1  0  0  0  0
  4  5  2  0  0  0  0
  4  6  1  0  0  0  0
  6 19  1  1  0  0  0
  7  8  1  0  0  0  0
  9 10  2  0  0  0  0
 11 14  1  6  0  0  0
 11  9  1  0  0  0  0
 11 12  1  0  0  0  0
 12 13  1  0  0  0  0
 15 14  1  0  0  0  0
 16 15  1  0  0  0  0
 17 18  1  0  0  0  0
 18 16  1  0  0  0  0
 19 20  1  0  0  0  0
 20 21  1  0  0  0  0
 21 22  1  0  0  0  0
 22 23  1  0  0  0  0
 23 24  1  0  0  0  0
 24 25  1  0  0  0  0
 25 26  2  0  0  0  0
 25 27  1  0  0  0  0
 27 28  1  0  0  0  0
M  END
END
