PFRMAT LG
TARGET T1187
MODEL 1
LIGAND 001 LIG
POSE 1
LIG
     RDKit          3D

 54 56  0  0  0  0  0  0  0  0999 V2000
    9.2705    4.2987   -4.0573 C   0  0  2  0  0  0  0  0  0  0  0  0
    9.8217    3.4792   -2.8379 C   0  0  2  0  0  0  0  0  0  0  0  0
   11.2369    3.3559   -2.7363 O   0  0  0  0  0  0  0  0  0  0  0  0
   11.9649    4.0652   -3.7193 C   0  0  2  0  0  0  0  0  0  0  0  0
   11.5196    3.6326   -5.1269 C   0  0  1  0  0  0  0  0  0  0  0  0
   10.0153    3.9314   -5.3647 C   0  0  1  0  0  0  0  0  0  0  0  0
    9.4077    2.8229   -5.9879 O   0  0  0  0  0  0  0  0  0  0  0  0
    8.5888    3.1550   -6.4392 H   0  0  0  0  0  0  0  0  0  0  0  0
   12.3394    4.3192   -6.1338 N   0  0  0  0  0  0  0  0  0  0  0  0
   13.1125    3.6581   -7.1445 C   0  0  0  0  0  0  0  0  0  0  0  0
   13.0153    2.1767   -7.3824 C   0  0  0  0  0  0  0  0  0  0  0  0
   13.9263    4.3247   -7.8386 O   0  0  0  0  0  0  0  0  0  0  0  0
   12.4713    5.3478   -6.0293 H   0  0  0  0  0  0  0  0  0  0  0  0
    9.2013    2.0694   -2.7647 C   0  0  0  0  0  0  0  0  0  0  0  0
   10.1920    1.0922   -2.8963 O   0  0  0  0  0  0  0  0  0  0  0  0
    9.8352    0.3849   -3.4936 H   0  0  0  0  0  0  0  0  0  0  0  0
    9.4374    5.6965   -3.8500 O   0  0  0  0  0  0  0  0  0  0  0  0
    7.8394    7.2810   -3.0190 C   0  0  1  0  0  0  0  0  0  0  0  0
    8.3145    6.4691   -4.2445 C   0  0  1  0  0  0  0  0  0  0  0  0
    8.6557    7.3790   -5.2740 O   0  0  0  0  0  0  0  0  0  0  0  0
    7.4723    7.8736   -5.8839 C   0  0  1  0  0  0  0  0  0  0  0  0
    6.4129    8.3829   -4.8430 C   0  0  1  0  0  0  0  0  0  0  0  0
    5.3474    7.4723   -4.7577 O   0  0  0  0  0  0  0  0  0  0  0  0
    7.0352    8.5438   -3.4422 C   0  0  2  0  0  0  0  0  0  0  0  0
    7.8832    9.6664   -3.4491 O   0  0  0  0  0  0  0  0  0  0  0  0
    4.7887    7.6187   -5.5683 H   0  0  0  0  0  0  0  0  0  0  0  0
    8.0211    9.9281   -2.5025 H   0  0  0  0  0  0  0  0  0  0  0  0
    6.4069    5.7308    0.2467 C   0  0  0  0  0  0  0  0  0  0  0  0
    6.8928    6.7576   -0.7232 C   0  0  0  0  0  0  0  0  0  0  0  0
    7.1687    7.9128   -0.3018 O   0  0  0  0  0  0  0  0  0  0  0  0
    7.0519    6.4354   -2.1115 N   0  0  0  0  0  0  0  0  0  0  0  0
    6.7401    5.4853   -2.4339 H   0  0  0  0  0  0  0  0  0  0  0  0
    7.8554    8.9645   -6.8940 C   0  0  0  0  0  0  0  0  0  0  0  0
    7.4639   10.2352   -6.4457 O   0  0  0  0  0  0  0  0  0  0  0  0
    6.5774   10.4234   -6.8525 H   0  0  0  0  0  0  0  0  0  0  0  0
   13.3362    3.7266   -3.5675 O   0  0  0  0  0  0  0  0  0  0  0  0
   13.8767    4.1334   -2.3197 C   0  0  2  0  0  0  0  0  0  0  0  0
   14.5455    5.5301   -2.5206 C   0  0  2  0  0  0  0  0  0  0  0  0
   15.9558    5.4402   -2.6952 O   0  0  0  0  0  0  0  0  0  0  0  0
   16.6500    4.8845   -1.5836 C   0  0  1  0  0  0  0  0  0  0  0  0
   16.9874    5.9051   -0.6782 O   0  0  0  0  0  0  0  0  0  0  0  0
   15.8943    3.7350   -0.8596 C   0  0  1  0  0  0  0  0  0  0  0  0
   14.8927    3.0822   -1.8198 C   0  0  1  0  0  0  0  0  0  0  0  0
   14.2084    2.0514   -1.1540 O   0  0  0  0  0  0  0  0  0  0  0  0
   17.6762    5.5331   -0.0743 H   0  0  0  0  0  0  0  0  0  0  0  0
   14.7344    1.2182   -1.2836 H   0  0  0  0  0  0  0  0  0  0  0  0
   16.8535    2.7340   -0.3712 N   0  0  0  0  0  0  0  0  0  0  0  0
   16.9284    2.2680    0.9810 C   0  0  0  0  0  0  0  0  0  0  0  0
   16.0829    2.8589    2.0711 C   0  0  0  0  0  0  0  0  0  0  0  0
   17.7182    1.3273    1.2653 O   0  0  0  0  0  0  0  0  0  0  0  0
   17.5238    2.3226   -1.0624 H   0  0  0  0  0  0  0  0  0  0  0  0
   14.1494    6.5739   -1.4558 C   0  0  0  0  0  0  0  0  0  0  0  0
   14.7853    7.7885   -1.7232 O   0  0  0  0  0  0  0  0  0  0  0  0
   14.4262    8.4367   -1.0658 H   0  0  0  0  0  0  0  0  0  0  0  0
  1 17  1  1  0  0  0
  1  2  1  0  0  0  0
  1  6  1  0  0  0  0
  2 14  1  6  0  0  0
  2  3  1  0  0  0  0
  3  4  1  0  0  0  0
  4 36  1  6  0  0  0
  4  5  1  0  0  0  0
  5  9  1  6  0  0  0
  5  6  1  0  0  0  0
  6  7  1  1  0  0  0
  7  8  1  0  0  0  0
  9 10  1  0  0  0  0
  9 13  1  0  0  0  0
 10 11  1  0  0  0  0
 10 12  2  0  0  0  0
 14 15  1  0  0  0  0
 15 16  1  0  0  0  0
 18 31  1  1  0  0  0
 18 19  1  0  0  0  0
 18 24  1  0  0  0  0
 19 17  1  1  0  0  0
 19 20  1  0  0  0  0
 20 21  1  0  0  0  0
 21 33  1  6  0  0  0
 21 22  1  0  0  0  0
 22 23  1  1  0  0  0
 22 24  1  0  0  0  0
 23 26  1  0  0  0  0
 24 25  1  6  0  0  0
 25 27  1  0  0  0  0
 28 29  1  0  0  0  0
 29 30  2  0  0  0  0
 29 31  1  0  0  0  0
 31 32  1  0  0  0  0
 33 34  1  0  0  0  0
 34 35  1  0  0  0  0
 37 36  1  6  0  0  0
 37 38  1  0  0  0  0
 37 43  1  0  0  0  0
 38 52  1  1  0  0  0
 38 39  1  0  0  0  0
 39 40  1  0  0  0  0
 40 41  1  1  0  0  0
 40 42  1  0  0  0  0
 41 45  1  0  0  0  0
 42 47  1  6  0  0  0
 42 43  1  0  0  0  0
 43 44  1  1  0  0  0
 44 46  1  0  0  0  0
 47 48  1  0  0  0  0
 47 51  1  0  0  0  0
 48 49  1  0  0  0  0
 48 50  2  0  0  0  0
 52 53  1  0  0  0  0
 53 54  1  0  0  0  0
M  END
END
