PFRMAT LG
TARGET T1181
MODEL 1
LIGAND 001 LIG
POSE 1
LIG
     RDKit          3D

113118  0  0  0  0  0  0  0  0999 V2000
   16.8249  -14.1481   18.6467 C   0  0  2  0  0  0  0  0  0  0  0  0
   18.0612  -13.5605   19.0029 O   0  0  0  0  0  0  0  0  0  0  0  0
   18.6569  -14.2572   20.0932 C   0  0  1  0  0  0  0  0  0  0  0  0
   18.6149  -15.8206   19.9248 C   0  0  2  0  0  0  0  0  0  0  0  0
   18.3682  -16.1798   18.4473 C   0  0  2  0  0  0  0  0  0  0  0  0
   19.4917  -15.8051   17.6894 O   0  0  0  0  0  0  0  0  0  0  0  0
   17.0939  -15.4751   17.9034 C   0  0  1  0  0  0  0  0  0  0  0  0
   15.9804  -16.3213   18.0460 O   0  0  0  0  0  0  0  0  0  0  0  0
   19.4185  -16.2683   16.8152 H   0  0  0  0  0  0  0  0  0  0  0  0
   16.0488  -17.0064   17.3308 H   0  0  0  0  0  0  0  0  0  0  0  0
   20.0587  -13.7204   20.2594 C   0  0  0  0  0  0  0  0  0  0  0  0
   21.0619  -14.4526   20.0375 O   0  0  0  0  0  0  0  0  0  0  0  0
   20.2439  -12.3464   20.6408 N   0  0  0  0  0  0  0  0  0  0  0  0
   19.3965  -11.7468   20.7579 H   0  0  0  0  0  0  0  0  0  0  0  0
   21.5560  -11.7225   20.8475 C   0  0  2  0  0  0  0  0  0  0  0  0
   21.8792  -11.6450   22.3172 C   0  0  0  0  0  0  0  0  0  0  0  0
   21.9363  -12.7899   23.1017 O   0  5  0  0  0  0  0  0  0  0  0  0
   22.0934  -10.5245   22.8481 O   0  0  0  0  0  0  0  0  0  0  0  0
   21.6267  -10.3488   20.1516 C   0  0  0  0  0  0  0  0  0  0  0  0
   20.6980  -10.2800   19.1031 O   0  0  0  0  0  0  0  0  0  0  0  0
   21.0577  -10.8384   18.3657 H   0  0  0  0  0  0  0  0  0  0  0  0
   17.5480  -16.3681   20.6933 O   0  0  0  0  0  0  0  0  0  0  0  0
   17.7879  -17.7121   21.0846 C   0  0  1  0  0  0  0  0  0  0  0  0
   19.0525  -17.8274   21.7253 O   0  0  0  0  0  0  0  0  0  0  0  0
   19.0650  -17.6152   23.1362 C   0  0  1  0  0  0  0  0  0  0  0  0
   17.8455  -16.8338   23.7077 C   0  0  1  0  0  0  0  0  0  0  0  0
   17.9079  -15.5005   23.2659 O   0  0  0  0  0  0  0  0  0  0  0  0
   16.5008  -17.4514   23.2813 C   0  0  2  0  0  0  0  0  0  0  0  0
   16.0452  -18.3227   24.2876 O   0  0  0  0  0  0  0  0  0  0  0  0
   16.6125  -18.2234   21.9440 C   0  0  1  0  0  0  0  0  0  0  0  0
   18.2511  -14.9464   24.0137 H   0  0  0  0  0  0  0  0  0  0  0  0
   15.0685  -18.4353   24.1474 H   0  0  0  0  0  0  0  0  0  0  0  0
   15.3587  -18.1330   21.1839 N   0  0  0  0  0  0  0  0  0  0  0  0
   14.2818  -19.0621   21.3650 C   0  0  0  0  0  0  0  0  0  0  0  0
   13.0542  -18.9593   20.5207 C   0  0  0  0  0  0  0  0  0  0  0  0
   14.3417  -19.9438   22.2649 O   0  0  0  0  0  0  0  0  0  0  0  0
   15.2650  -17.4208   20.4257 H   0  0  0  0  0  0  0  0  0  0  0  0
   19.3348  -18.9616   23.8516 C   0  0  0  0  0  0  0  0  0  0  0  0
   19.9555  -19.9057   22.9962 O   0  0  0  0  0  0  0  0  0  0  0  0
   19.6190  -21.2439   23.3246 C   0  0  1  0  0  0  0  0  0  0  0  0
   19.1422  -21.2920   24.6704 O   0  0  0  0  0  0  0  0  0  0  0  0
   18.3961  -22.4543   24.9838 C   0  0  1  0  0  0  0  0  0  0  0  0
   17.0714  -22.5293   24.1704 C   0  0  2  0  0  0  0  0  0  0  0  0
   17.1622  -21.6937   22.8740 C   0  0  2  0  0  0  0  0  0  0  0  0
   16.2387  -22.1709   21.9308 O   0  0  0  0  0  0  0  0  0  0  0  0
   18.5754  -21.7692   22.2882 C   0  0  1  0  0  0  0  0  0  0  0  0
   15.3790  -21.7063   22.1060 H   0  0  0  0  0  0  0  0  0  0  0  0
   18.6331  -21.0028   21.0333 N   0  0  0  0  0  0  0  0  0  0  0  0
   18.8156  -21.5733   19.7278 C   0  0  0  0  0  0  0  0  0  0  0  0
   18.6998  -23.0458   19.4761 C   0  0  0  0  0  0  0  0  0  0  0  0
   19.0989  -20.8139   18.7613 O   0  0  0  0  0  0  0  0  0  0  0  0
   18.5482  -19.9607   21.0879 H   0  0  0  0  0  0  0  0  0  0  0  0
   19.2437  -23.7421   24.9286 C   0  0  0  0  0  0  0  0  0  0  0  0
   19.8137  -23.9845   26.1834 O   0  0  0  0  0  0  0  0  0  0  0  0
   20.2549  -24.8707   26.1199 H   0  0  0  0  0  0  0  0  0  0  0  0
   16.0308  -21.9980   24.9770 O   0  0  0  0  0  0  0  0  0  0  0  0
   14.9692  -22.9113   25.1846 C   0  0  2  0  0  0  0  0  0  0  0  0
   15.0583  -23.9130   24.1658 O   0  0  0  0  0  0  0  0  0  0  0  0
   13.9913  -24.3330   23.3550 C   0  0  0  0  0  0  0  0  0  0  0  0
   12.7413  -23.9453   23.6390 C   0  0  0  0  0  0  0  0  0  0  0  0
   12.4646  -23.1405   24.8726 C   0  0  2  0  0  0  0  0  0  0  0  0
   11.2591  -22.4419   24.7056 O   0  0  0  0  0  0  0  0  0  0  0  0
   13.6214  -22.1517   25.1117 C   0  0  1  0  0  0  0  0  0  0  0  0
   13.4064  -21.3952   26.2774 O   0  0  0  0  0  0  0  0  0  0  0  0
   10.9010  -22.2649   25.6134 H   0  0  0  0  0  0  0  0  0  0  0  0
   13.3502  -22.0274   27.0403 H   0  0  0  0  0  0  0  0  0  0  0  0
   14.3160  -25.1669   22.1804 C   0  0  0  0  0  0  0  0  0  0  0  0
   14.4236  -24.5979   21.0630 O   0  0  0  0  0  0  0  0  0  0  0  0
   14.5295  -26.5861   22.2893 N   0  0  0  0  0  0  0  0  0  0  0  0
   14.4975  -27.0443   23.2270 H   0  0  0  0  0  0  0  0  0  0  0  0
   14.7508  -27.4433   21.1214 C   0  0  2  0  0  0  0  0  0  0  0  0
   13.4675  -28.1190   20.7393 C   0  0  0  0  0  0  0  0  0  0  0  0
   12.2900  -27.3839   20.6698 O   0  5  0  0  0  0  0  0  0  0  0  0
   13.4485  -29.3496   20.4719 O   0  0  0  0  0  0  0  0  0  0  0  0
   15.8486  -28.4729   21.4319 C   0  0  0  0  0  0  0  0  0  0  0  0
   15.5761  -29.1389   22.6366 O   0  0  0  0  0  0  0  0  0  0  0  0
   14.8673  -29.8046   22.4375 H   0  0  0  0  0  0  0  0  0  0  0  0
   16.1276  -13.2467   17.7996 O   0  0  0  0  0  0  0  0  0  0  0  0
   13.3267  -11.5585   20.2924 C   0  0  1  0  0  0  0  0  0  0  0  0
   14.6297  -11.7580   20.8170 O   0  0  0  0  0  0  0  0  0  0  0  0
   15.6094  -11.9414   19.7924 C   0  0  1  0  0  0  0  0  0  0  0  0
   15.0644  -12.5913   18.4831 C   0  0  2  0  0  0  0  0  0  0  0  0
   13.9773  -13.6027   18.8939 C   0  0  2  0  0  0  0  0  0  0  0  0
   13.4771  -14.2898   17.7742 O   0  0  0  0  0  0  0  0  0  0  0  0
   12.8130  -12.8499   19.5971 C   0  0  1  0  0  0  0  0  0  0  0  0
   14.0981  -15.0436   17.5929 H   0  0  0  0  0  0  0  0  0  0  0  0
   12.0187  -13.6850   20.5209 N   0  0  0  0  0  0  0  0  0  0  0  0
   12.2132  -15.0813   20.7752 C   0  0  0  0  0  0  0  0  0  0  0  0
   11.0806  -16.0315   20.5734 C   0  0  0  0  0  0  0  0  0  0  0  0
   13.2849  -15.4914   21.2958 O   0  0  0  0  0  0  0  0  0  0  0  0
   11.0963  -13.2946   20.8166 H   0  0  0  0  0  0  0  0  0  0  0  0
   16.3739  -10.6329   19.5340 C   0  0  0  0  0  0  0  0  0  0  0  0
   17.7378  -10.7833   19.8104 O   0  0  0  0  0  0  0  0  0  0  0  0
   18.1502   -9.8947   19.6547 H   0  0  0  0  0  0  0  0  0  0  0  0
   12.4443  -11.1779   21.3351 O   0  0  0  0  0  0  0  0  0  0  0  0
   13.0385  -10.2196   22.1945 C   0  0  0  0  0  0  0  0  0  0  0  0
   11.6306  -11.1885   26.1151 C   0  0  1  0  0  0  0  0  0  0  0  0
   10.7731  -10.4452   25.0616 C   0  0  1  0  0  0  0  0  0  0  0  0
    9.9765   -9.4725   25.6828 O   0  0  0  0  0  0  0  0  0  0  0  0
   11.5543   -9.8143   24.0543 O   0  0  0  0  0  0  0  0  0  0  0  0
   12.7277  -10.5303   23.6726 C   0  0  1  0  0  0  0  0  0  0  0  0
   12.6455  -12.0580   23.9184 C   0  0  1  0  0  0  0  0  0  0  0  0
   13.8449  -12.6722   23.5216 O   0  0  0  0  0  0  0  0  0  0  0  0
   12.3755  -12.3588   25.4145 C   0  0  2  0  0  0  0  0  0  0  0  0
   11.6105  -13.5341   25.5028 O   0  0  0  0  0  0  0  0  0  0  0  0
    9.2400   -9.9534   26.1447 H   0  0  0  0  0  0  0  0  0  0  0  0
   13.6525  -13.6420   23.4262 H   0  0  0  0  0  0  0  0  0  0  0  0
   11.7363  -13.8937   26.4209 H   0  0  0  0  0  0  0  0  0  0  0  0
   13.6895   -9.1981   28.7719 C   0  0  0  0  0  0  0  0  0  0  0  0
   12.8604  -10.2856   28.1675 C   0  0  0  0  0  0  0  0  0  0  0  0
   12.4236  -11.2166   28.8978 O   0  0  0  0  0  0  0  0  0  0  0  0
   12.5802  -10.2666   26.7619 N   0  0  0  0  0  0  0  0  0  0  0  0
   13.1315   -9.5971   26.1787 H   0  0  0  0  0  0  0  0  0  0  0  0
  1 78  1  6  0  0  0
  1  2  1  0  0  0  0
  1  7  1  0  0  0  0
  2  3  1  0  0  0  0
  3 11  1  6  0  0  0
  3  4  1  0  0  0  0
  4 22  1  1  0  0  0
  4  5  1  0  0  0  0
  5  6  1  6  0  0  0
  5  7  1  0  0  0  0
  6  9  1  0  0  0  0
  7  8  1  1  0  0  0
  8 10  1  0  0  0  0
 11 12  2  0  0  0  0
 11 13  1  0  0  0  0
 13 15  1  0  0  0  0
 13 14  1  0  0  0  0
 15 19  1  1  0  0  0
 15 16  1  0  0  0  0
 16 17  1  0  0  0  0
 16 18  2  0  0  0  0
 19 20  1  0  0  0  0
 20 21  1  0  0  0  0
 23 22  1  1  0  0  0
 23 24  1  0  0  0  0
 23 30  1  0  0  0  0
 24 25  1  0  0  0  0
 25 38  1  1  0  0  0
 25 26  1  0  0  0  0
 26 27  1  6  0  0  0
 26 28  1  0  0  0  0
 27 31  1  0  0  0  0
 28 29  1  1  0  0  0
 28 30  1  0  0  0  0
 29 32  1  0  0  0  0
 30 33  1  6  0  0  0
 33 34  1  0  0  0  0
 33 37  1  0  0  0  0
 34 35  1  0  0  0  0
 34 36  2  0  0  0  0
 38 39  1  0  0  0  0
 40 39  1  6  0  0  0
 40 41  1  0  0  0  0
 40 46  1  0  0  0  0
 41 42  1  0  0  0  0
 42 53  1  6  0  0  0
 42 43  1  0  0  0  0
 43 56  1  1  0  0  0
 43 44  1  0  0  0  0
 44 45  1  6  0  0  0
 44 46  1  0  0  0  0
 45 47  1  0  0  0  0
 46 48  1  6  0  0  0
 48 49  1  0  0  0  0
 48 52  1  0  0  0  0
 49 50  1  0  0  0  0
 49 51  2  0  0  0  0
 53 54  1  0  0  0  0
 54 55  1  0  0  0  0
 57 56  1  6  0  0  0
 57 58  1  0  0  0  0
 57 63  1  0  0  0  0
 58 59  1  0  0  0  0
 59 67  1  0  0  0  0
 59 60  2  0  0  0  0
 60 61  1  0  0  0  0
 61 62  1  6  0  0  0
 61 63  1  0  0  0  0
 62 65  1  0  0  0  0
 63 64  1  1  0  0  0
 64 66  1  0  0  0  0
 67 68  2  0  0  0  0
 67 69  1  0  0  0  0
 69 71  1  0  0  0  0
 69 70  1  0  0  0  0
 71 75  1  1  0  0  0
 71 72  1  0  0  0  0
 72 73  1  0  0  0  0
 72 74  2  0  0  0  0
 75 76  1  0  0  0  0
 76 77  1  0  0  0  0
 79 95  1  1  0  0  0
 79 80  1  0  0  0  0
 79 85  1  0  0  0  0
 80 81  1  0  0  0  0
 81 92  1  6  0  0  0
 81 82  1  0  0  0  0
 82 78  1  1  0  0  0
 82 83  1  0  0  0  0
 83 84  1  6  0  0  0
 83 85  1  0  0  0  0
 84 86  1  0  0  0  0
 85 87  1  1  0  0  0
 87 88  1  0  0  0  0
 87 91  1  0  0  0  0
 88 89  1  0  0  0  0
 88 90  2  0  0  0  0
 92 93  1  0  0  0  0
 93 94  1  0  0  0  0
 96 95  1  0  0  0  0
 97112  1  6  0  0  0
 97 98  1  0  0  0  0
 97104  1  0  0  0  0
 98 99  1  1  0  0  0
 98100  1  0  0  0  0
 99106  1  0  0  0  0
100101  1  0  0  0  0
101 96  1  6  0  0  0
101102  1  0  0  0  0
102103  1  1  0  0  0
102104  1  0  0  0  0
103107  1  0  0  0  0
104105  1  6  0  0  0
105108  1  0  0  0  0
109110  1  0  0  0  0
110111  2  0  0  0  0
110112  1  0  0  0  0
112113  1  0  0  0  0
M  END
END
