PFRMAT LG
TARGET T1188
MODEL 1
LIGAND 001 LIG
POSE 1
LIG
     RDKit          3D

 29 32  0  0  0  0  0  0  0  0999 V2000
   15.4215   -0.1690  -16.2069 C   0  0  0  0  0  0  0  0  0  0  0  0
   14.8922    0.9095  -17.1775 C   0  0  0  0  0  0  0  0  0  0  0  0
   18.9068    3.7716  -19.7421 C   0  0  0  0  0  0  0  0  0  0  0  0
   18.2914    2.6050  -20.3625 N   0  0  0  0  0  0  0  0  0  0  0  0
   18.5774    2.0848  -21.5813 C   0  0  0  0  0  0  0  0  0  0  0  0
   17.7997    1.0187  -21.9031 N   0  0  0  0  0  0  0  0  0  0  0  0
   17.0094    0.8862  -20.8181 C   0  0  0  0  0  0  0  0  0  0  0  0
   17.2993    1.8291  -19.8925 C   0  0  0  0  0  0  0  0  0  0  0  0
   16.6063    1.8727  -18.6915 C   0  0  0  0  0  0  0  0  0  0  0  0
   16.8805    2.7559  -17.8330 O   0  0  0  0  0  0  0  0  0  0  0  0
   15.6229    0.9331  -18.4669 N   0  0  0  0  0  0  0  0  0  0  0  0
   15.2843    0.0389  -19.4733 C   0  0  0  0  0  0  0  0  0  0  0  0
   14.2853   -0.7212  -19.3288 O   0  0  0  0  0  0  0  0  0  0  0  0
   16.0158   -0.0228  -20.6394 N   0  0  0  0  0  0  0  0  0  0  0  0
   15.6827   -0.9866  -21.6971 C   0  0  0  0  0  0  0  0  0  0  0  0
   16.3786    0.3474  -15.1118 C   0  0  0  0  0  0  0  0  0  0  0  0
   17.3582   -0.6665  -14.6588 N   0  0  0  0  0  0  0  0  0  0  0  0
   16.9926   -1.6049  -13.7151 C   0  0  0  0  0  0  0  0  0  0  0  0
   15.8300   -1.6303  -13.2279 O   0  0  0  0  0  0  0  0  0  0  0  0
   17.9441   -2.5290  -13.3007 C   0  0  0  0  0  0  0  0  0  0  0  0
   19.1950   -2.5009  -13.8112 C   0  0  0  0  0  0  0  0  0  0  0  0
   19.9506   -3.4846  -13.2855 N   0  0  0  0  0  0  0  0  0  0  0  0
   19.0905   -4.1026  -12.4335 C   0  0  0  0  0  0  0  0  0  0  0  0
   17.8567   -3.5384  -12.4198 N   0  0  0  0  0  0  0  0  0  0  0  0
   16.6873   -4.0124  -11.6848 C   0  0  0  0  0  0  0  0  0  0  0  0
   19.5724   -1.6024  -14.7601 N   0  0  0  0  0  0  0  0  0  0  0  0
   20.9280   -1.6400  -15.3235 C   0  0  0  0  0  0  0  0  0  0  0  0
   18.6241   -0.7166  -15.2249 C   0  0  0  0  0  0  0  0  0  0  0  0
   18.9147    0.0522  -16.1835 O   0  0  0  0  0  0  0  0  0  0  0  0
  1  2  1  0  0  0  0
  1 16  1  0  0  0  0
  2 11  1  0  0  0  0
  3  4  1  0  0  0  0
  4  5  1  0  0  0  0
  4  8  1  0  0  0  0
  5  6  2  0  0  0  0
  6  7  1  0  0  0  0
  7  8  2  0  0  0  0
  7 14  1  0  0  0  0
  8  9  1  0  0  0  0
  9 10  2  0  0  0  0
  9 11  1  0  0  0  0
 11 12  1  0  0  0  0
 12 13  2  0  0  0  0
 12 14  1  0  0  0  0
 14 15  1  0  0  0  0
 16 17  1  0  0  0  0
 17 18  1  0  0  0  0
 17 28  1  0  0  0  0
 18 19  2  0  0  0  0
 18 20  1  0  0  0  0
 20 21  2  0  0  0  0
 20 24  1  0  0  0  0
 21 22  1  0  0  0  0
 21 26  1  0  0  0  0
 22 23  2  0  0  0  0
 23 24  1  0  0  0  0
 24 25  1  0  0  0  0
 26 27  1  0  0  0  0
 26 28  1  0  0  0  0
 28 29  2  0  0  0  0
M  END
END
