PFRMAT LG
TARGET T1186
MODEL 1
LIGAND 001 LIG
POSE 1
LIG
     RDKit          3D

 33 35  0  0  0  0  0  0  0  0999 V2000
   -8.4959    2.4389  -15.2262 C   0  0  0  0  0  0  0  0  0  0  0  0
   -9.3753    1.6117  -14.8607 O   0  0  0  0  0  0  0  0  0  0  0  0
   -8.8904    3.7147  -15.7526 N   0  0  0  0  0  0  0  0  0  0  0  0
   -8.1787    4.4784  -15.7949 H   0  0  0  0  0  0  0  0  0  0  0  0
   -6.5596    3.0717  -12.7646 C   0  0  0  0  0  0  0  0  0  0  0  0
   -6.2193    2.3621  -14.0338 C   0  0  0  0  0  0  0  0  0  0  0  0
   -5.0232    1.9067  -14.3235 O   0  0  0  0  0  0  0  0  0  0  0  0
   -5.0026    1.3385  -15.4944 N   0  0  0  0  0  0  0  0  0  0  0  0
   -6.2497    1.4268  -15.9981 C   0  0  0  0  0  0  0  0  0  0  0  0
   -7.0662    2.0875  -15.0920 C   0  0  0  0  0  0  0  0  0  0  0  0
   -6.6449    0.8354  -17.2913 C   0  0  0  0  0  0  0  0  0  0  0  0
   -7.0771   -0.5069  -17.3652 C   0  0  0  0  0  0  0  0  0  0  0  0
   -7.0679   -1.5624  -15.9552 Cl  0  0  0  0  0  0  0  0  0  0  0  0
   -7.4952   -1.0404  -18.5898 C   0  0  0  0  0  0  0  0  0  0  0  0
   -7.4786   -0.2549  -19.7420 C   0  0  0  0  0  0  0  0  0  0  0  0
   -7.0385    1.0680  -19.6822 C   0  0  0  0  0  0  0  0  0  0  0  0
   -6.6180    1.6179  -18.4648 C   0  0  0  0  0  0  0  0  0  0  0  0
   -6.1132    3.3043  -18.4370 Cl  0  0  0  0  0  0  0  0  0  0  0  0
  -10.2663    3.9937  -16.1757 C   0  0  1  0  0  0  0  0  0  0  0  0
  -10.8291    5.2184  -15.4229 C   0  0  2  0  0  0  0  0  0  0  0  0
  -10.1226    5.3970  -14.1474 N   0  0  0  0  0  0  0  0  0  0  0  0
  -10.9151    4.7603  -13.0947 C   0  0  2  0  0  0  0  0  0  0  0  0
  -12.4038    5.0944  -13.3220 C   0  0  0  0  0  0  0  0  0  0  0  0
  -12.8048    6.5041  -12.8435 C   0  0  0  0  0  0  0  0  0  0  0  0
  -13.3135    4.0442  -12.6628 C   0  0  0  0  0  0  0  0  0  0  0  0
  -12.6275    5.0262  -15.1221 S   0  0  0  0  0  0  0  0  0  0  0  0
  -10.0558    6.4249  -13.9588 H   0  0  0  0  0  0  0  0  0  0  0  0
  -10.3917    5.1142  -11.7191 C   0  0  0  0  0  0  0  0  0  0  0  0
  -11.1878    5.8188  -10.8201 O   0  0  0  0  0  0  0  0  0  0  0  0
   -9.2359    4.7617  -11.3645 O   0  0  0  0  0  0  0  0  0  0  0  0
  -12.1197    6.1288  -11.0671 H   0  0  0  0  0  0  0  0  0  0  0  0
  -10.2796    4.2408  -17.6605 C   0  0  0  0  0  0  0  0  0  0  0  0
  -10.7614    3.4166  -18.4206 O   0  0  0  0  0  0  0  0  0  0  0  0
  1 10  1  0  0  0  0
  1  2  2  0  0  0  0
  1  3  1  0  0  0  0
  3 19  1  0  0  0  0
  3  4  1  0  0  0  0
  5  6  1  0  0  0  0
  6  7  1  0  0  0  0
  6 10  2  0  0  0  0
  7  8  1  0  0  0  0
  8  9  2  0  0  0  0
  9 10  1  0  0  0  0
  9 11  1  0  0  0  0
 11 12  2  0  0  0  0
 11 17  1  0  0  0  0
 12 13  1  0  0  0  0
 12 14  1  0  0  0  0
 14 15  2  0  0  0  0
 15 16  1  0  0  0  0
 16 17  2  0  0  0  0
 17 18  1  0  0  0  0
 19 32  1  6  0  0  0
 20 19  1  1  0  0  0
 20 21  1  0  0  0  0
 20 26  1  0  0  0  0
 21 22  1  0  0  0  0
 21 27  1  0  0  0  0
 22 28  1  1  0  0  0
 22 23  1  0  0  0  0
 23 24  1  0  0  0  0
 23 25  1  0  0  0  0
 23 26  1  0  0  0  0
 28 29  1  0  0  0  0
 28 30  2  0  0  0  0
 29 31  1  0  0  0  0
 32 33  2  0  0  0  0
M  END
END
