PFRMAT LG
TARGET H1171
MODEL 1
LIGAND 001 ADP
POSE 1
ADP
                    3D
 
 27 29  0  0  1  0            999 V2000
    6.8842  -29.0611  -15.9026 P   0  0  0  0  0  0
    5.8798  -28.6824  -16.9693 O   0  0  0  0  0  0
    6.2803  -29.5846  -14.6270 O   0  5  0  0  0  0
    7.9556  -28.0258  -15.6501 O   0  5  0  0  0  0
    7.6965  -30.7605  -18.0777 P   0  0  0  0  0  0
    8.3508  -29.6475  -18.8626 O   0  0  0  0  0  0
    6.3306  -31.2391  -18.4810 O   0  5  0  0  0  0
    7.6658  -30.3532  -16.5058 O   0  0  0  0  0  0
    8.6513  -32.0615  -18.1239 O   0  0  0  0  0  0
   10.0335  -32.0066  -17.7858 C   0  0  0  0  0  0
   10.8757  -33.0706  -18.5004 C   0  0  1  0  0  0
   11.0637  -34.2008  -17.6400 O   0  0  0  0  0  0
   10.3039  -33.5970  -19.8156 C   0  0  1  0  0  0
   11.0272  -33.0642  -20.9293 O   0  0  0  0  0  0
   10.4300  -35.1049  -19.7482 C   0  0  1  0  0  0
   11.4698  -35.5577  -20.6231 O   0  0  0  0  0  0
   10.8030  -35.4394  -18.3174 C   0  0  2  0  0  0
    9.7520  -36.1720  -17.5518 N   0  0  0  0  0  0
    8.7153  -35.6020  -16.9028 C   0  0  0  0  0  0
    7.9652  -36.5433  -16.2676 N   0  0  0  0  0  0
    8.5320  -37.7432  -16.4966 C   0  0  0  0  0  0
    8.2569  -39.1571  -16.1231 C   0  0  0  0  0  0
    7.1964  -39.4829  -15.3520 N   0  0  0  0  0  0
    9.0983  -40.1181  -16.5817 N   0  0  0  0  0  0
   10.1708  -39.8191  -17.3519 C   0  0  0  0  0  0
   10.4757  -38.5534  -17.7241 N   0  0  0  0  0  0
    9.7138  -37.4923  -17.3390 C   0  0  0  0  0  0
  1  2  2  0
  1  3  1  0
  1  4  1  0
  1  8  1  0
  5  6  2  0
  5  7  1  0
  5  8  1  0
  5  9  1  0
  9 10  1  0
 10 11  1  0
 11 12  1  0
 11 13  1  0
 12 17  1  0
 13 14  1  0
 13 15  1  0
 15 16  1  0
 15 17  1  0
 17 18  1  0
 18 19  1  0
 18 27  1  0
 19 20  2  0
 20 21  1  0
 21 22  1  0
 21 27  2  0
 22 23  1  0
 22 24  2  0
 24 25  1  0
 25 26  2  0
 26 27  1  0
M  CHG  3   3  -1   4  -1   7  -1
M  END
POSE 2
ADP
                    3D
 
 27 29  0  0  1  0            999 V2000
    6.8842  -29.0611  -15.9026 P   0  0  0  0  0  0
    5.8798  -28.6824  -16.9693 O   0  0  0  0  0  0
    6.2803  -29.5846  -14.6270 O   0  5  0  0  0  0
    7.9556  -28.0258  -15.6501 O   0  5  0  0  0  0
    7.6965  -30.7605  -18.0777 P   0  0  0  0  0  0
    8.3508  -29.6475  -18.8626 O   0  0  0  0  0  0
    6.3306  -31.2391  -18.4810 O   0  5  0  0  0  0
    7.6658  -30.3532  -16.5058 O   0  0  0  0  0  0
    8.6513  -32.0615  -18.1239 O   0  0  0  0  0  0
   10.0335  -32.0066  -17.7858 C   0  0  0  0  0  0
   10.8757  -33.0706  -18.5004 C   0  0  1  0  0  0
   11.0637  -34.2008  -17.6400 O   0  0  0  0  0  0
   10.3039  -33.5970  -19.8156 C   0  0  1  0  0  0
   11.0272  -33.0642  -20.9293 O   0  0  0  0  0  0
   10.4300  -35.1049  -19.7482 C   0  0  1  0  0  0
   11.4698  -35.5577  -20.6231 O   0  0  0  0  0  0
   10.8030  -35.4394  -18.3174 C   0  0  2  0  0  0
    9.7520  -36.1720  -17.5518 N   0  0  0  0  0  0
    8.7153  -35.6020  -16.9028 C   0  0  0  0  0  0
    7.9652  -36.5433  -16.2676 N   0  0  0  0  0  0
    8.5320  -37.7432  -16.4966 C   0  0  0  0  0  0
    8.2569  -39.1571  -16.1231 C   0  0  0  0  0  0
    7.1964  -39.4829  -15.3520 N   0  0  0  0  0  0
    9.0983  -40.1181  -16.5817 N   0  0  0  0  0  0
   10.1708  -39.8191  -17.3519 C   0  0  0  0  0  0
   10.4757  -38.5534  -17.7241 N   0  0  0  0  0  0
    9.7138  -37.4923  -17.3390 C   0  0  0  0  0  0
  1  2  2  0
  1  3  1  0
  1  4  1  0
  1  8  1  0
  5  6  2  0
  5  7  1  0
  5  8  1  0
  5  9  1  0
  9 10  1  0
 10 11  1  0
 11 12  1  0
 11 13  1  0
 12 17  1  0
 13 14  1  0
 13 15  1  0
 15 16  1  0
 15 17  1  0
 17 18  1  0
 18 19  1  0
 18 27  1  0
 19 20  2  0
 20 21  1  0
 21 22  1  0
 21 27  2  0
 22 23  1  0
 22 24  2  0
 24 25  1  0
 25 26  2  0
 26 27  1  0
M  CHG  3   3  -1   4  -1   7  -1
M  END
POSE 3
ADP
                    3D
 
 27 29  0  0  1  0            999 V2000
    6.8842  -29.0611  -15.9026 P   0  0  0  0  0  0
    5.8798  -28.6824  -16.9693 O   0  0  0  0  0  0
    6.2803  -29.5846  -14.6270 O   0  5  0  0  0  0
    7.9556  -28.0258  -15.6501 O   0  5  0  0  0  0
    7.6965  -30.7605  -18.0777 P   0  0  0  0  0  0
    8.3508  -29.6475  -18.8626 O   0  0  0  0  0  0
    6.3306  -31.2391  -18.4810 O   0  5  0  0  0  0
    7.6658  -30.3532  -16.5058 O   0  0  0  0  0  0
    8.6513  -32.0615  -18.1239 O   0  0  0  0  0  0
   10.0335  -32.0066  -17.7858 C   0  0  0  0  0  0
   10.8757  -33.0706  -18.5004 C   0  0  1  0  0  0
   11.0637  -34.2008  -17.6400 O   0  0  0  0  0  0
   10.3039  -33.5970  -19.8156 C   0  0  1  0  0  0
   11.0272  -33.0642  -20.9293 O   0  0  0  0  0  0
   10.4300  -35.1049  -19.7482 C   0  0  1  0  0  0
   11.4698  -35.5577  -20.6231 O   0  0  0  0  0  0
   10.8030  -35.4394  -18.3174 C   0  0  2  0  0  0
    9.7520  -36.1720  -17.5518 N   0  0  0  0  0  0
    8.7153  -35.6020  -16.9028 C   0  0  0  0  0  0
    7.9652  -36.5433  -16.2676 N   0  0  0  0  0  0
    8.5320  -37.7432  -16.4966 C   0  0  0  0  0  0
    8.2569  -39.1571  -16.1231 C   0  0  0  0  0  0
    7.1964  -39.4829  -15.3520 N   0  0  0  0  0  0
    9.0983  -40.1181  -16.5817 N   0  0  0  0  0  0
   10.1708  -39.8191  -17.3519 C   0  0  0  0  0  0
   10.4757  -38.5534  -17.7241 N   0  0  0  0  0  0
    9.7138  -37.4923  -17.3390 C   0  0  0  0  0  0
  1  2  2  0
  1  3  1  0
  1  4  1  0
  1  8  1  0
  5  6  2  0
  5  7  1  0
  5  8  1  0
  5  9  1  0
  9 10  1  0
 10 11  1  0
 11 12  1  0
 11 13  1  0
 12 17  1  0
 13 14  1  0
 13 15  1  0
 15 16  1  0
 15 17  1  0
 17 18  1  0
 18 19  1  0
 18 27  1  0
 19 20  2  0
 20 21  1  0
 21 22  1  0
 21 27  2  0
 22 23  1  0
 22 24  2  0
 24 25  1  0
 25 26  2  0
 26 27  1  0
M  CHG  3   3  -1   4  -1   7  -1
M  END
POSE 4
ADP
                    3D
 
 27 29  0  0  1  0            999 V2000
    6.8842  -29.0611  -15.9026 P   0  0  0  0  0  0
    5.8798  -28.6824  -16.9693 O   0  0  0  0  0  0
    6.2803  -29.5846  -14.6270 O   0  5  0  0  0  0
    7.9556  -28.0258  -15.6501 O   0  5  0  0  0  0
    7.6965  -30.7605  -18.0777 P   0  0  0  0  0  0
    8.3508  -29.6475  -18.8626 O   0  0  0  0  0  0
    6.3306  -31.2391  -18.4810 O   0  5  0  0  0  0
    7.6658  -30.3532  -16.5058 O   0  0  0  0  0  0
    8.6513  -32.0615  -18.1239 O   0  0  0  0  0  0
   10.0335  -32.0066  -17.7858 C   0  0  0  0  0  0
   10.8757  -33.0706  -18.5004 C   0  0  1  0  0  0
   11.0637  -34.2008  -17.6400 O   0  0  0  0  0  0
   10.3039  -33.5970  -19.8156 C   0  0  1  0  0  0
   11.0272  -33.0642  -20.9293 O   0  0  0  0  0  0
   10.4300  -35.1049  -19.7482 C   0  0  1  0  0  0
   11.4698  -35.5577  -20.6231 O   0  0  0  0  0  0
   10.8030  -35.4394  -18.3174 C   0  0  2  0  0  0
    9.7520  -36.1720  -17.5518 N   0  0  0  0  0  0
    8.7153  -35.6020  -16.9028 C   0  0  0  0  0  0
    7.9652  -36.5433  -16.2676 N   0  0  0  0  0  0
    8.5320  -37.7432  -16.4966 C   0  0  0  0  0  0
    8.2569  -39.1571  -16.1231 C   0  0  0  0  0  0
    7.1964  -39.4829  -15.3520 N   0  0  0  0  0  0
    9.0983  -40.1181  -16.5817 N   0  0  0  0  0  0
   10.1708  -39.8191  -17.3519 C   0  0  0  0  0  0
   10.4757  -38.5534  -17.7241 N   0  0  0  0  0  0
    9.7138  -37.4923  -17.3390 C   0  0  0  0  0  0
  1  2  2  0
  1  3  1  0
  1  4  1  0
  1  8  1  0
  5  6  2  0
  5  7  1  0
  5  8  1  0
  5  9  1  0
  9 10  1  0
 10 11  1  0
 11 12  1  0
 11 13  1  0
 12 17  1  0
 13 14  1  0
 13 15  1  0
 15 16  1  0
 15 17  1  0
 17 18  1  0
 18 19  1  0
 18 27  1  0
 19 20  2  0
 20 21  1  0
 21 22  1  0
 21 27  2  0
 22 23  1  0
 22 24  2  0
 24 25  1  0
 25 26  2  0
 26 27  1  0
M  CHG  3   3  -1   4  -1   7  -1
M  END
POSE 5
ADP
                    3D
 
 27 29  0  0  1  0            999 V2000
    6.8842  -29.0611  -15.9026 P   0  0  0  0  0  0
    5.8798  -28.6824  -16.9693 O   0  0  0  0  0  0
    6.2803  -29.5846  -14.6270 O   0  5  0  0  0  0
    7.9556  -28.0258  -15.6501 O   0  5  0  0  0  0
    7.6965  -30.7605  -18.0777 P   0  0  0  0  0  0
    8.3508  -29.6475  -18.8626 O   0  0  0  0  0  0
    6.3306  -31.2391  -18.4810 O   0  5  0  0  0  0
    7.6658  -30.3532  -16.5058 O   0  0  0  0  0  0
    8.6513  -32.0615  -18.1239 O   0  0  0  0  0  0
   10.0335  -32.0066  -17.7858 C   0  0  0  0  0  0
   10.8757  -33.0706  -18.5004 C   0  0  1  0  0  0
   11.0637  -34.2008  -17.6400 O   0  0  0  0  0  0
   10.3039  -33.5970  -19.8156 C   0  0  1  0  0  0
   11.0272  -33.0642  -20.9293 O   0  0  0  0  0  0
   10.4300  -35.1049  -19.7482 C   0  0  1  0  0  0
   11.4698  -35.5577  -20.6231 O   0  0  0  0  0  0
   10.8030  -35.4394  -18.3174 C   0  0  2  0  0  0
    9.7520  -36.1720  -17.5518 N   0  0  0  0  0  0
    8.7153  -35.6020  -16.9028 C   0  0  0  0  0  0
    7.9652  -36.5433  -16.2676 N   0  0  0  0  0  0
    8.5320  -37.7432  -16.4966 C   0  0  0  0  0  0
    8.2569  -39.1571  -16.1231 C   0  0  0  0  0  0
    7.1964  -39.4829  -15.3520 N   0  0  0  0  0  0
    9.0983  -40.1181  -16.5817 N   0  0  0  0  0  0
   10.1708  -39.8191  -17.3519 C   0  0  0  0  0  0
   10.4757  -38.5534  -17.7241 N   0  0  0  0  0  0
    9.7138  -37.4923  -17.3390 C   0  0  0  0  0  0
  1  2  2  0
  1  3  1  0
  1  4  1  0
  1  8  1  0
  5  6  2  0
  5  7  1  0
  5  8  1  0
  5  9  1  0
  9 10  1  0
 10 11  1  0
 11 12  1  0
 11 13  1  0
 12 17  1  0
 13 14  1  0
 13 15  1  0
 15 16  1  0
 15 17  1  0
 17 18  1  0
 18 19  1  0
 18 27  1  0
 19 20  2  0
 20 21  1  0
 21 22  1  0
 21 27  2  0
 22 23  1  0
 22 24  2  0
 24 25  1  0
 25 26  2  0
 26 27  1  0
M  CHG  3   3  -1   4  -1   7  -1
M  END
LIGAND 002 ADP
POSE 1
ADP
                    3D
 
 27 29  0  0  1  0            999 V2000
   22.9205   25.4525    0.5879 P   0  0  0  0  0  0
   22.9675   25.3660   -0.9221 O   0  0  0  0  0  0
   23.6673   24.3595    1.3045 O   0  5  0  0  0  0
   21.5419   25.6808    1.1633 O   0  5  0  0  0  0
   24.1005   27.9874   -0.0904 P   0  0  0  0  0  0
   22.8037   28.6013   -0.5643 O   0  0  0  0  0  0
   25.0891   27.4852   -1.1042 O   0  5  0  0  0  0
   23.7688   26.7901    0.9556 O   0  0  0  0  0  0
   24.8958   29.0735    0.8009 O   0  0  0  0  0  0
   24.2859   29.7640    1.8868 C   0  0  0  0  0  0
   24.8995   31.1449    2.1490 C   0  0  1  0  0  0
   25.8686   31.0548    3.2005 O   0  0  0  0  0  0
   25.5909   31.8018    0.9556 C   0  0  1  0  0  0
   24.7894   32.8646    0.4305 O   0  0  0  0  0  0
   26.9160   32.3179    1.4769 C   0  0  1  0  0  0
   26.8884   33.7461    1.5813 O   0  0  0  0  0  0
   27.0935   31.7213    2.8592 C   0  0  2  0  0  0
   28.2051   30.7325    2.9759 N   0  0  0  0  0  0
   28.1207   29.4199    2.6745 C   0  0  0  0  0  0
   29.2975   28.7870    2.9331 N   0  0  0  0  0  0
   30.1562   29.7011    3.4237 C   0  0  0  0  0  0
   31.5650   29.7125    3.9023 C   0  0  0  0  0  0
   32.3097   28.5852    3.9111 N   0  0  0  0  0  0
   32.0895   30.8896    4.3279 N   0  0  0  0  0  0
   31.3644   32.0329    4.3342 C   0  0  0  0  0  0
   30.0785   32.0875    3.9135 N   0  0  0  0  0  0
   29.4290   30.9815    3.4557 C   0  0  0  0  0  0
  1  2  2  0
  1  3  1  0
  1  4  1  0
  1  8  1  0
  5  6  2  0
  5  7  1  0
  5  8  1  0
  5  9  1  0
  9 10  1  0
 10 11  1  0
 11 12  1  0
 11 13  1  0
 12 17  1  0
 13 14  1  0
 13 15  1  0
 15 16  1  0
 15 17  1  0
 17 18  1  0
 18 19  1  0
 18 27  1  0
 19 20  2  0
 20 21  1  0
 21 22  1  0
 21 27  2  0
 22 23  1  0
 22 24  2  0
 24 25  1  0
 25 26  2  0
 26 27  1  0
M  CHG  3   3  -1   4  -1   7  -1
M  END
POSE 2
ADP
                    3D
 
 27 29  0  0  1  0            999 V2000
   22.9205   25.4525    0.5879 P   0  0  0  0  0  0
   22.9675   25.3660   -0.9221 O   0  0  0  0  0  0
   23.6673   24.3595    1.3045 O   0  5  0  0  0  0
   21.5419   25.6808    1.1633 O   0  5  0  0  0  0
   24.1005   27.9874   -0.0904 P   0  0  0  0  0  0
   22.8037   28.6013   -0.5643 O   0  0  0  0  0  0
   25.0891   27.4852   -1.1042 O   0  5  0  0  0  0
   23.7688   26.7901    0.9556 O   0  0  0  0  0  0
   24.8958   29.0735    0.8009 O   0  0  0  0  0  0
   24.2859   29.7640    1.8868 C   0  0  0  0  0  0
   24.8995   31.1449    2.1490 C   0  0  1  0  0  0
   25.8686   31.0548    3.2005 O   0  0  0  0  0  0
   25.5909   31.8018    0.9556 C   0  0  1  0  0  0
   24.7894   32.8646    0.4305 O   0  0  0  0  0  0
   26.9160   32.3179    1.4769 C   0  0  1  0  0  0
   26.8884   33.7461    1.5813 O   0  0  0  0  0  0
   27.0935   31.7213    2.8592 C   0  0  2  0  0  0
   28.2051   30.7325    2.9759 N   0  0  0  0  0  0
   28.1207   29.4199    2.6745 C   0  0  0  0  0  0
   29.2975   28.7870    2.9331 N   0  0  0  0  0  0
   30.1562   29.7011    3.4237 C   0  0  0  0  0  0
   31.5650   29.7125    3.9023 C   0  0  0  0  0  0
   32.3097   28.5852    3.9111 N   0  0  0  0  0  0
   32.0895   30.8896    4.3279 N   0  0  0  0  0  0
   31.3644   32.0329    4.3342 C   0  0  0  0  0  0
   30.0785   32.0875    3.9135 N   0  0  0  0  0  0
   29.4290   30.9815    3.4557 C   0  0  0  0  0  0
  1  2  2  0
  1  3  1  0
  1  4  1  0
  1  8  1  0
  5  6  2  0
  5  7  1  0
  5  8  1  0
  5  9  1  0
  9 10  1  0
 10 11  1  0
 11 12  1  0
 11 13  1  0
 12 17  1  0
 13 14  1  0
 13 15  1  0
 15 16  1  0
 15 17  1  0
 17 18  1  0
 18 19  1  0
 18 27  1  0
 19 20  2  0
 20 21  1  0
 21 22  1  0
 21 27  2  0
 22 23  1  0
 22 24  2  0
 24 25  1  0
 25 26  2  0
 26 27  1  0
M  CHG  3   3  -1   4  -1   7  -1
M  END
POSE 3
ADP
                    3D
 
 27 29  0  0  1  0            999 V2000
   22.9205   25.4525    0.5879 P   0  0  0  0  0  0
   22.9675   25.3660   -0.9221 O   0  0  0  0  0  0
   23.6673   24.3595    1.3045 O   0  5  0  0  0  0
   21.5419   25.6808    1.1633 O   0  5  0  0  0  0
   24.1005   27.9874   -0.0904 P   0  0  0  0  0  0
   22.8037   28.6013   -0.5643 O   0  0  0  0  0  0
   25.0891   27.4852   -1.1042 O   0  5  0  0  0  0
   23.7688   26.7901    0.9556 O   0  0  0  0  0  0
   24.8958   29.0735    0.8009 O   0  0  0  0  0  0
   24.2859   29.7640    1.8868 C   0  0  0  0  0  0
   24.8995   31.1449    2.1490 C   0  0  1  0  0  0
   25.8686   31.0548    3.2005 O   0  0  0  0  0  0
   25.5909   31.8018    0.9556 C   0  0  1  0  0  0
   24.7894   32.8646    0.4305 O   0  0  0  0  0  0
   26.9160   32.3179    1.4769 C   0  0  1  0  0  0
   26.8884   33.7461    1.5813 O   0  0  0  0  0  0
   27.0935   31.7213    2.8592 C   0  0  2  0  0  0
   28.2051   30.7325    2.9759 N   0  0  0  0  0  0
   28.1207   29.4199    2.6745 C   0  0  0  0  0  0
   29.2975   28.7870    2.9331 N   0  0  0  0  0  0
   30.1562   29.7011    3.4237 C   0  0  0  0  0  0
   31.5650   29.7125    3.9023 C   0  0  0  0  0  0
   32.3097   28.5852    3.9111 N   0  0  0  0  0  0
   32.0895   30.8896    4.3279 N   0  0  0  0  0  0
   31.3644   32.0329    4.3342 C   0  0  0  0  0  0
   30.0785   32.0875    3.9135 N   0  0  0  0  0  0
   29.4290   30.9815    3.4557 C   0  0  0  0  0  0
  1  2  2  0
  1  3  1  0
  1  4  1  0
  1  8  1  0
  5  6  2  0
  5  7  1  0
  5  8  1  0
  5  9  1  0
  9 10  1  0
 10 11  1  0
 11 12  1  0
 11 13  1  0
 12 17  1  0
 13 14  1  0
 13 15  1  0
 15 16  1  0
 15 17  1  0
 17 18  1  0
 18 19  1  0
 18 27  1  0
 19 20  2  0
 20 21  1  0
 21 22  1  0
 21 27  2  0
 22 23  1  0
 22 24  2  0
 24 25  1  0
 25 26  2  0
 26 27  1  0
M  CHG  3   3  -1   4  -1   7  -1
M  END
POSE 4
ADP
                    3D
 
 27 29  0  0  1  0            999 V2000
   22.9205   25.4525    0.5879 P   0  0  0  0  0  0
   22.9675   25.3660   -0.9221 O   0  0  0  0  0  0
   23.6673   24.3595    1.3045 O   0  5  0  0  0  0
   21.5419   25.6808    1.1633 O   0  5  0  0  0  0
   24.1005   27.9874   -0.0904 P   0  0  0  0  0  0
   22.8037   28.6013   -0.5643 O   0  0  0  0  0  0
   25.0891   27.4852   -1.1042 O   0  5  0  0  0  0
   23.7688   26.7901    0.9556 O   0  0  0  0  0  0
   24.8958   29.0735    0.8009 O   0  0  0  0  0  0
   24.2859   29.7640    1.8868 C   0  0  0  0  0  0
   24.8995   31.1449    2.1490 C   0  0  1  0  0  0
   25.8686   31.0548    3.2005 O   0  0  0  0  0  0
   25.5909   31.8018    0.9556 C   0  0  1  0  0  0
   24.7894   32.8646    0.4305 O   0  0  0  0  0  0
   26.9160   32.3179    1.4769 C   0  0  1  0  0  0
   26.8884   33.7461    1.5813 O   0  0  0  0  0  0
   27.0935   31.7213    2.8592 C   0  0  2  0  0  0
   28.2051   30.7325    2.9759 N   0  0  0  0  0  0
   28.1207   29.4199    2.6745 C   0  0  0  0  0  0
   29.2975   28.7870    2.9331 N   0  0  0  0  0  0
   30.1562   29.7011    3.4237 C   0  0  0  0  0  0
   31.5650   29.7125    3.9023 C   0  0  0  0  0  0
   32.3097   28.5852    3.9111 N   0  0  0  0  0  0
   32.0895   30.8896    4.3279 N   0  0  0  0  0  0
   31.3644   32.0329    4.3342 C   0  0  0  0  0  0
   30.0785   32.0875    3.9135 N   0  0  0  0  0  0
   29.4290   30.9815    3.4557 C   0  0  0  0  0  0
  1  2  2  0
  1  3  1  0
  1  4  1  0
  1  8  1  0
  5  6  2  0
  5  7  1  0
  5  8  1  0
  5  9  1  0
  9 10  1  0
 10 11  1  0
 11 12  1  0
 11 13  1  0
 12 17  1  0
 13 14  1  0
 13 15  1  0
 15 16  1  0
 15 17  1  0
 17 18  1  0
 18 19  1  0
 18 27  1  0
 19 20  2  0
 20 21  1  0
 21 22  1  0
 21 27  2  0
 22 23  1  0
 22 24  2  0
 24 25  1  0
 25 26  2  0
 26 27  1  0
M  CHG  3   3  -1   4  -1   7  -1
M  END
POSE 5
ADP
                    3D
 
 27 29  0  0  1  0            999 V2000
   22.9205   25.4525    0.5879 P   0  0  0  0  0  0
   22.9675   25.3660   -0.9221 O   0  0  0  0  0  0
   23.6673   24.3595    1.3045 O   0  5  0  0  0  0
   21.5419   25.6808    1.1633 O   0  5  0  0  0  0
   24.1005   27.9874   -0.0904 P   0  0  0  0  0  0
   22.8037   28.6013   -0.5643 O   0  0  0  0  0  0
   25.0891   27.4852   -1.1042 O   0  5  0  0  0  0
   23.7688   26.7901    0.9556 O   0  0  0  0  0  0
   24.8958   29.0735    0.8009 O   0  0  0  0  0  0
   24.2859   29.7640    1.8868 C   0  0  0  0  0  0
   24.8995   31.1449    2.1490 C   0  0  1  0  0  0
   25.8686   31.0548    3.2005 O   0  0  0  0  0  0
   25.5909   31.8018    0.9556 C   0  0  1  0  0  0
   24.7894   32.8646    0.4305 O   0  0  0  0  0  0
   26.9160   32.3179    1.4769 C   0  0  1  0  0  0
   26.8884   33.7461    1.5813 O   0  0  0  0  0  0
   27.0935   31.7213    2.8592 C   0  0  2  0  0  0
   28.2051   30.7325    2.9759 N   0  0  0  0  0  0
   28.1207   29.4199    2.6745 C   0  0  0  0  0  0
   29.2975   28.7870    2.9331 N   0  0  0  0  0  0
   30.1562   29.7011    3.4237 C   0  0  0  0  0  0
   31.5650   29.7125    3.9023 C   0  0  0  0  0  0
   32.3097   28.5852    3.9111 N   0  0  0  0  0  0
   32.0895   30.8896    4.3279 N   0  0  0  0  0  0
   31.3644   32.0329    4.3342 C   0  0  0  0  0  0
   30.0785   32.0875    3.9135 N   0  0  0  0  0  0
   29.4290   30.9815    3.4557 C   0  0  0  0  0  0
  1  2  2  0
  1  3  1  0
  1  4  1  0
  1  8  1  0
  5  6  2  0
  5  7  1  0
  5  8  1  0
  5  9  1  0
  9 10  1  0
 10 11  1  0
 11 12  1  0
 11 13  1  0
 12 17  1  0
 13 14  1  0
 13 15  1  0
 15 16  1  0
 15 17  1  0
 17 18  1  0
 18 19  1  0
 18 27  1  0
 19 20  2  0
 20 21  1  0
 21 22  1  0
 21 27  2  0
 22 23  1  0
 22 24  2  0
 24 25  1  0
 25 26  2  0
 26 27  1  0
M  CHG  3   3  -1   4  -1   7  -1
M  END
LIGAND 003 ADP
POSE 1
ADP
                    3D
 
 27 29  0  0  1  0            999 V2000
  -33.0315    7.7179    7.8071 P   0  0  0  0  0  0
  -33.0012    8.7665    6.7165 O   0  0  0  0  0  0
  -32.3378    8.1159    9.0823 O   0  5  0  0  0  0
  -32.6515    6.3271    7.3547 O   0  5  0  0  0  0
  -35.8399    8.1359    7.3417 P   0  0  0  0  0  0
  -35.8640    7.3612    6.0447 O   0  0  0  0  0  0
  -35.8164    9.6376    7.3001 O   0  5  0  0  0  0
  -34.5942    7.6174    8.2455 O   0  0  0  0  0  0
  -37.1421    7.7390    8.2097 O   0  0  0  0  0  0
  -37.4935    6.3865    8.4841 C   0  0  0  0  0  0
  -38.9992    6.1809    8.6906 C   0  0  1  0  0  0
  -39.3029    6.1826   10.0908 O   0  0  0  0  0  0
  -39.9075    7.2179    8.0323 C   0  0  1  0  0  0
  -40.5474    6.6673    6.8769 O   0  0  0  0  0  0
  -40.9206    7.6108    9.0875 C   0  0  1  0  0  0
  -42.2041    7.0559    8.7772 O   0  0  0  0  0  0
  -40.4270    7.0225   10.3946 C   0  0  2  0  0  0
  -39.9917    8.0275   11.4083 N   0  0  0  0  0  0
  -38.7702    8.5971   11.4721 C   0  0  0  0  0  0
  -38.6827    9.4371   12.5393 N   0  0  0  0  0  0
  -39.8627    9.4019   13.1874 C   0  0  0  0  0  0
  -40.4533   10.0451   14.3922 C   0  0  0  0  0  0
  -39.7409   10.9160   15.1401 N   0  0  0  0  0  0
  -41.7336    9.7384   14.7217 N   0  0  0  0  0  0
  -42.4684    8.8658   13.9928 C   0  0  0  0  0  0
  -41.9881    8.2469   12.8884 N   0  0  0  0  0  0
  -40.7207    8.4660   12.4409 C   0  0  0  0  0  0
  1  2  2  0
  1  3  1  0
  1  4  1  0
  1  8  1  0
  5  6  2  0
  5  7  1  0
  5  8  1  0
  5  9  1  0
  9 10  1  0
 10 11  1  0
 11 12  1  0
 11 13  1  0
 12 17  1  0
 13 14  1  0
 13 15  1  0
 15 16  1  0
 15 17  1  0
 17 18  1  0
 18 19  1  0
 18 27  1  0
 19 20  2  0
 20 21  1  0
 21 22  1  0
 21 27  2  0
 22 23  1  0
 22 24  2  0
 24 25  1  0
 25 26  2  0
 26 27  1  0
M  CHG  3   3  -1   4  -1   7  -1
M  END
POSE 2
ADP
                    3D
 
 27 29  0  0  1  0            999 V2000
  -33.0315    7.7179    7.8071 P   0  0  0  0  0  0
  -33.0012    8.7665    6.7165 O   0  0  0  0  0  0
  -32.3378    8.1159    9.0823 O   0  5  0  0  0  0
  -32.6515    6.3271    7.3547 O   0  5  0  0  0  0
  -35.8399    8.1359    7.3417 P   0  0  0  0  0  0
  -35.8640    7.3612    6.0447 O   0  0  0  0  0  0
  -35.8164    9.6376    7.3001 O   0  5  0  0  0  0
  -34.5942    7.6174    8.2455 O   0  0  0  0  0  0
  -37.1421    7.7390    8.2097 O   0  0  0  0  0  0
  -37.4935    6.3865    8.4841 C   0  0  0  0  0  0
  -38.9992    6.1809    8.6906 C   0  0  1  0  0  0
  -39.3029    6.1826   10.0908 O   0  0  0  0  0  0
  -39.9075    7.2179    8.0323 C   0  0  1  0  0  0
  -40.5474    6.6673    6.8769 O   0  0  0  0  0  0
  -40.9206    7.6108    9.0875 C   0  0  1  0  0  0
  -42.2041    7.0559    8.7772 O   0  0  0  0  0  0
  -40.4270    7.0225   10.3946 C   0  0  2  0  0  0
  -39.9917    8.0275   11.4083 N   0  0  0  0  0  0
  -38.7702    8.5971   11.4721 C   0  0  0  0  0  0
  -38.6827    9.4371   12.5393 N   0  0  0  0  0  0
  -39.8627    9.4019   13.1874 C   0  0  0  0  0  0
  -40.4533   10.0451   14.3922 C   0  0  0  0  0  0
  -39.7409   10.9160   15.1401 N   0  0  0  0  0  0
  -41.7336    9.7384   14.7217 N   0  0  0  0  0  0
  -42.4684    8.8658   13.9928 C   0  0  0  0  0  0
  -41.9881    8.2469   12.8884 N   0  0  0  0  0  0
  -40.7207    8.4660   12.4409 C   0  0  0  0  0  0
  1  2  2  0
  1  3  1  0
  1  4  1  0
  1  8  1  0
  5  6  2  0
  5  7  1  0
  5  8  1  0
  5  9  1  0
  9 10  1  0
 10 11  1  0
 11 12  1  0
 11 13  1  0
 12 17  1  0
 13 14  1  0
 13 15  1  0
 15 16  1  0
 15 17  1  0
 17 18  1  0
 18 19  1  0
 18 27  1  0
 19 20  2  0
 20 21  1  0
 21 22  1  0
 21 27  2  0
 22 23  1  0
 22 24  2  0
 24 25  1  0
 25 26  2  0
 26 27  1  0
M  CHG  3   3  -1   4  -1   7  -1
M  END
POSE 3
ADP
                    3D
 
 27 29  0  0  1  0            999 V2000
  -33.0315    7.7179    7.8071 P   0  0  0  0  0  0
  -33.0012    8.7665    6.7165 O   0  0  0  0  0  0
  -32.3378    8.1159    9.0823 O   0  5  0  0  0  0
  -32.6515    6.3271    7.3547 O   0  5  0  0  0  0
  -35.8399    8.1359    7.3417 P   0  0  0  0  0  0
  -35.8640    7.3612    6.0447 O   0  0  0  0  0  0
  -35.8164    9.6376    7.3001 O   0  5  0  0  0  0
  -34.5942    7.6174    8.2455 O   0  0  0  0  0  0
  -37.1421    7.7390    8.2097 O   0  0  0  0  0  0
  -37.4935    6.3865    8.4841 C   0  0  0  0  0  0
  -38.9992    6.1809    8.6906 C   0  0  1  0  0  0
  -39.3029    6.1826   10.0908 O   0  0  0  0  0  0
  -39.9075    7.2179    8.0323 C   0  0  1  0  0  0
  -40.5474    6.6673    6.8769 O   0  0  0  0  0  0
  -40.9206    7.6108    9.0875 C   0  0  1  0  0  0
  -42.2041    7.0559    8.7772 O   0  0  0  0  0  0
  -40.4270    7.0225   10.3946 C   0  0  2  0  0  0
  -39.9917    8.0275   11.4083 N   0  0  0  0  0  0
  -38.7702    8.5971   11.4721 C   0  0  0  0  0  0
  -38.6827    9.4371   12.5393 N   0  0  0  0  0  0
  -39.8627    9.4019   13.1874 C   0  0  0  0  0  0
  -40.4533   10.0451   14.3922 C   0  0  0  0  0  0
  -39.7409   10.9160   15.1401 N   0  0  0  0  0  0
  -41.7336    9.7384   14.7217 N   0  0  0  0  0  0
  -42.4684    8.8658   13.9928 C   0  0  0  0  0  0
  -41.9881    8.2469   12.8884 N   0  0  0  0  0  0
  -40.7207    8.4660   12.4409 C   0  0  0  0  0  0
  1  2  2  0
  1  3  1  0
  1  4  1  0
  1  8  1  0
  5  6  2  0
  5  7  1  0
  5  8  1  0
  5  9  1  0
  9 10  1  0
 10 11  1  0
 11 12  1  0
 11 13  1  0
 12 17  1  0
 13 14  1  0
 13 15  1  0
 15 16  1  0
 15 17  1  0
 17 18  1  0
 18 19  1  0
 18 27  1  0
 19 20  2  0
 20 21  1  0
 21 22  1  0
 21 27  2  0
 22 23  1  0
 22 24  2  0
 24 25  1  0
 25 26  2  0
 26 27  1  0
M  CHG  3   3  -1   4  -1   7  -1
M  END
POSE 4
ADP
                    3D
 
 27 29  0  0  1  0            999 V2000
  -33.0315    7.7179    7.8071 P   0  0  0  0  0  0
  -33.0012    8.7665    6.7165 O   0  0  0  0  0  0
  -32.3378    8.1159    9.0823 O   0  5  0  0  0  0
  -32.6515    6.3271    7.3547 O   0  5  0  0  0  0
  -35.8399    8.1359    7.3417 P   0  0  0  0  0  0
  -35.8640    7.3612    6.0447 O   0  0  0  0  0  0
  -35.8164    9.6376    7.3001 O   0  5  0  0  0  0
  -34.5942    7.6174    8.2455 O   0  0  0  0  0  0
  -37.1421    7.7390    8.2097 O   0  0  0  0  0  0
  -37.4935    6.3865    8.4841 C   0  0  0  0  0  0
  -38.9992    6.1809    8.6906 C   0  0  1  0  0  0
  -39.3029    6.1826   10.0908 O   0  0  0  0  0  0
  -39.9075    7.2179    8.0323 C   0  0  1  0  0  0
  -40.5474    6.6673    6.8769 O   0  0  0  0  0  0
  -40.9206    7.6108    9.0875 C   0  0  1  0  0  0
  -42.2041    7.0559    8.7772 O   0  0  0  0  0  0
  -40.4270    7.0225   10.3946 C   0  0  2  0  0  0
  -39.9917    8.0275   11.4083 N   0  0  0  0  0  0
  -38.7702    8.5971   11.4721 C   0  0  0  0  0  0
  -38.6827    9.4371   12.5393 N   0  0  0  0  0  0
  -39.8627    9.4019   13.1874 C   0  0  0  0  0  0
  -40.4533   10.0451   14.3922 C   0  0  0  0  0  0
  -39.7409   10.9160   15.1401 N   0  0  0  0  0  0
  -41.7336    9.7384   14.7217 N   0  0  0  0  0  0
  -42.4684    8.8658   13.9928 C   0  0  0  0  0  0
  -41.9881    8.2469   12.8884 N   0  0  0  0  0  0
  -40.7207    8.4660   12.4409 C   0  0  0  0  0  0
  1  2  2  0
  1  3  1  0
  1  4  1  0
  1  8  1  0
  5  6  2  0
  5  7  1  0
  5  8  1  0
  5  9  1  0
  9 10  1  0
 10 11  1  0
 11 12  1  0
 11 13  1  0
 12 17  1  0
 13 14  1  0
 13 15  1  0
 15 16  1  0
 15 17  1  0
 17 18  1  0
 18 19  1  0
 18 27  1  0
 19 20  2  0
 20 21  1  0
 21 22  1  0
 21 27  2  0
 22 23  1  0
 22 24  2  0
 24 25  1  0
 25 26  2  0
 26 27  1  0
M  CHG  3   3  -1   4  -1   7  -1
M  END
POSE 5
ADP
                    3D
 
 27 29  0  0  1  0            999 V2000
  -33.0315    7.7179    7.8071 P   0  0  0  0  0  0
  -33.0012    8.7665    6.7165 O   0  0  0  0  0  0
  -32.3378    8.1159    9.0823 O   0  5  0  0  0  0
  -32.6515    6.3271    7.3547 O   0  5  0  0  0  0
  -35.8399    8.1359    7.3417 P   0  0  0  0  0  0
  -35.8640    7.3612    6.0447 O   0  0  0  0  0  0
  -35.8164    9.6376    7.3001 O   0  5  0  0  0  0
  -34.5942    7.6174    8.2455 O   0  0  0  0  0  0
  -37.1421    7.7390    8.2097 O   0  0  0  0  0  0
  -37.4935    6.3865    8.4841 C   0  0  0  0  0  0
  -38.9992    6.1809    8.6906 C   0  0  1  0  0  0
  -39.3029    6.1826   10.0908 O   0  0  0  0  0  0
  -39.9075    7.2179    8.0323 C   0  0  1  0  0  0
  -40.5474    6.6673    6.8769 O   0  0  0  0  0  0
  -40.9206    7.6108    9.0875 C   0  0  1  0  0  0
  -42.2041    7.0559    8.7772 O   0  0  0  0  0  0
  -40.4270    7.0225   10.3946 C   0  0  2  0  0  0
  -39.9917    8.0275   11.4083 N   0  0  0  0  0  0
  -38.7702    8.5971   11.4721 C   0  0  0  0  0  0
  -38.6827    9.4371   12.5393 N   0  0  0  0  0  0
  -39.8627    9.4019   13.1874 C   0  0  0  0  0  0
  -40.4533   10.0451   14.3922 C   0  0  0  0  0  0
  -39.7409   10.9160   15.1401 N   0  0  0  0  0  0
  -41.7336    9.7384   14.7217 N   0  0  0  0  0  0
  -42.4684    8.8658   13.9928 C   0  0  0  0  0  0
  -41.9881    8.2469   12.8884 N   0  0  0  0  0  0
  -40.7207    8.4660   12.4409 C   0  0  0  0  0  0
  1  2  2  0
  1  3  1  0
  1  4  1  0
  1  8  1  0
  5  6  2  0
  5  7  1  0
  5  8  1  0
  5  9  1  0
  9 10  1  0
 10 11  1  0
 11 12  1  0
 11 13  1  0
 12 17  1  0
 13 14  1  0
 13 15  1  0
 15 16  1  0
 15 17  1  0
 17 18  1  0
 18 19  1  0
 18 27  1  0
 19 20  2  0
 20 21  1  0
 21 22  1  0
 21 27  2  0
 22 23  1  0
 22 24  2  0
 24 25  1  0
 25 26  2  0
 26 27  1  0
M  CHG  3   3  -1   4  -1   7  -1
M  END
LIGAND 004 AGS
POSE 1
AGS
                    3D
 
 31 33  0  0  1  0            999 V2000
   28.0500   -2.5709  -10.9099 P   0  0  0  0  0  0
   29.1700   -1.0226  -10.5473 S   0  0  0  0  0  0
   27.7323   -2.6319  -12.4306 O   0  5  0  0  0  0
   26.7273   -2.4350  -10.1011 O   0  5  0  0  0  0
   29.8443   -4.5136  -11.4704 P   0  0  0  0  0  0
   29.2110   -5.1261  -12.6517 O   0  5  0  0  0  0
   30.6125   -5.5230  -10.6229 O   0  0  0  0  0  0
   28.7836   -3.8743  -10.4941 O   0  0  0  0  0  0
   31.3671   -3.4713  -13.3913 P   0  0  0  0  0  0
   30.6685   -2.4236  -14.1599 O   0  5  0  0  0  0
   31.1553   -4.9189  -13.8288 O   0  0  0  0  0  0
   30.8955   -3.4370  -11.9054 O   0  0  0  0  0  0
   32.8831   -3.0930  -13.3135 O   0  0  0  0  0  0
   33.4117   -2.6034  -12.0664 C   0  0  0  0  0  0
   34.4911   -1.5837  -12.3241 C   0  0  1  0  0  0
   35.5844   -1.7908  -11.4091 O   0  0  0  0  0  0
   35.1272   -1.6275  -13.7047 C   0  0  1  0  0  0
   35.6671   -0.3635  -14.0665 O   0  0  0  0  0  0
   36.2450   -2.6514  -13.5185 C   0  0  1  0  0  0
   37.3627   -2.3927  -14.3570 O   0  0  0  0  0  0
   36.6524   -2.4568  -12.0553 C   0  0  2  0  0  0
   36.8678   -3.7195  -11.3715 N   0  0  0  0  0  0
   36.1145   -4.2271  -10.3492 C   0  0  0  0  0  0
   36.5100   -5.4027   -9.9289 N   0  0  0  0  0  0
   37.5803   -5.7031  -10.7532 C   0  0  0  0  0  0
   38.4375   -6.8163  -10.8221 C   0  0  0  0  0  0
   38.3295   -7.8814  -10.0285 N   0  0  0  0  0  0
   39.4169   -6.7986  -11.7524 N   0  0  0  0  0  0
   39.5239   -5.7357  -12.5524 C   0  0  0  0  0  0
   38.7793   -4.6267  -12.5751 N   0  0  0  0  0  0
   37.8134   -4.6756  -11.6484 C   0  0  0  0  0  0
  1  2  2  0
  1  3  1  0
  1  4  1  0
  1  8  1  0
  5  6  1  0
  5  7  2  0
  5  8  1  0
  5 12  1  0
  9 10  1  0
  9 11  2  0
  9 12  1  0
  9 13  1  0
 13 14  1  0
 14 15  1  0
 15 16  1  0
 15 17  1  0
 16 21  1  0
 17 18  1  0
 17 19  1  0
 19 20  1  0
 19 21  1  0
 21 22  1  0
 22 23  1  0
 22 31  1  0
 23 24  2  0
 24 25  1  0
 25 26  1  0
 25 31  2  0
 26 27  1  0
 26 28  2  0
 28 29  1  0
 29 30  2  0
 30 31  1  0
M  CHG  4   3  -1   4  -1   6  -1  10  -1
M  END
POSE 2
AGS
                    3D
 
 31 33  0  0  1  0            999 V2000
   28.0500   -2.5709  -10.9099 P   0  0  0  0  0  0
   29.1700   -1.0226  -10.5473 S   0  0  0  0  0  0
   27.7323   -2.6319  -12.4306 O   0  5  0  0  0  0
   26.7273   -2.4350  -10.1011 O   0  5  0  0  0  0
   29.8443   -4.5136  -11.4704 P   0  0  0  0  0  0
   29.2110   -5.1261  -12.6517 O   0  5  0  0  0  0
   30.6125   -5.5230  -10.6229 O   0  0  0  0  0  0
   28.7836   -3.8743  -10.4941 O   0  0  0  0  0  0
   31.3671   -3.4713  -13.3913 P   0  0  0  0  0  0
   30.6685   -2.4236  -14.1599 O   0  5  0  0  0  0
   31.1553   -4.9189  -13.8288 O   0  0  0  0  0  0
   30.8955   -3.4370  -11.9054 O   0  0  0  0  0  0
   32.8831   -3.0930  -13.3135 O   0  0  0  0  0  0
   33.4117   -2.6034  -12.0664 C   0  0  0  0  0  0
   34.4911   -1.5837  -12.3241 C   0  0  1  0  0  0
   35.5844   -1.7908  -11.4091 O   0  0  0  0  0  0
   35.1272   -1.6275  -13.7047 C   0  0  1  0  0  0
   35.6671   -0.3635  -14.0665 O   0  0  0  0  0  0
   36.2450   -2.6514  -13.5185 C   0  0  1  0  0  0
   37.3627   -2.3927  -14.3570 O   0  0  0  0  0  0
   36.6524   -2.4568  -12.0553 C   0  0  2  0  0  0
   36.8678   -3.7195  -11.3715 N   0  0  0  0  0  0
   36.1145   -4.2271  -10.3492 C   0  0  0  0  0  0
   36.5100   -5.4027   -9.9289 N   0  0  0  0  0  0
   37.5803   -5.7031  -10.7532 C   0  0  0  0  0  0
   38.4375   -6.8163  -10.8221 C   0  0  0  0  0  0
   38.3295   -7.8814  -10.0285 N   0  0  0  0  0  0
   39.4169   -6.7986  -11.7524 N   0  0  0  0  0  0
   39.5239   -5.7357  -12.5524 C   0  0  0  0  0  0
   38.7793   -4.6267  -12.5751 N   0  0  0  0  0  0
   37.8134   -4.6756  -11.6484 C   0  0  0  0  0  0
  1  2  2  0
  1  3  1  0
  1  4  1  0
  1  8  1  0
  5  6  1  0
  5  7  2  0
  5  8  1  0
  5 12  1  0
  9 10  1  0
  9 11  2  0
  9 12  1  0
  9 13  1  0
 13 14  1  0
 14 15  1  0
 15 16  1  0
 15 17  1  0
 16 21  1  0
 17 18  1  0
 17 19  1  0
 19 20  1  0
 19 21  1  0
 21 22  1  0
 22 23  1  0
 22 31  1  0
 23 24  2  0
 24 25  1  0
 25 26  1  0
 25 31  2  0
 26 27  1  0
 26 28  2  0
 28 29  1  0
 29 30  2  0
 30 31  1  0
M  CHG  4   3  -1   4  -1   6  -1  10  -1
M  END
POSE 3
AGS
                    3D
 
 31 33  0  0  1  0            999 V2000
   28.0500   -2.5709  -10.9099 P   0  0  0  0  0  0
   29.1700   -1.0226  -10.5473 S   0  0  0  0  0  0
   27.7323   -2.6319  -12.4306 O   0  5  0  0  0  0
   26.7273   -2.4350  -10.1011 O   0  5  0  0  0  0
   29.8443   -4.5136  -11.4704 P   0  0  0  0  0  0
   29.2110   -5.1261  -12.6517 O   0  5  0  0  0  0
   30.6125   -5.5230  -10.6229 O   0  0  0  0  0  0
   28.7836   -3.8743  -10.4941 O   0  0  0  0  0  0
   31.3671   -3.4713  -13.3913 P   0  0  0  0  0  0
   30.6685   -2.4236  -14.1599 O   0  5  0  0  0  0
   31.1553   -4.9189  -13.8288 O   0  0  0  0  0  0
   30.8955   -3.4370  -11.9054 O   0  0  0  0  0  0
   32.8831   -3.0930  -13.3135 O   0  0  0  0  0  0
   33.4117   -2.6034  -12.0664 C   0  0  0  0  0  0
   34.4911   -1.5837  -12.3241 C   0  0  1  0  0  0
   35.5844   -1.7908  -11.4091 O   0  0  0  0  0  0
   35.1272   -1.6275  -13.7047 C   0  0  1  0  0  0
   35.6671   -0.3635  -14.0665 O   0  0  0  0  0  0
   36.2450   -2.6514  -13.5185 C   0  0  1  0  0  0
   37.3627   -2.3927  -14.3570 O   0  0  0  0  0  0
   36.6524   -2.4568  -12.0553 C   0  0  2  0  0  0
   36.8678   -3.7195  -11.3715 N   0  0  0  0  0  0
   36.1145   -4.2271  -10.3492 C   0  0  0  0  0  0
   36.5100   -5.4027   -9.9289 N   0  0  0  0  0  0
   37.5803   -5.7031  -10.7532 C   0  0  0  0  0  0
   38.4375   -6.8163  -10.8221 C   0  0  0  0  0  0
   38.3295   -7.8814  -10.0285 N   0  0  0  0  0  0
   39.4169   -6.7986  -11.7524 N   0  0  0  0  0  0
   39.5239   -5.7357  -12.5524 C   0  0  0  0  0  0
   38.7793   -4.6267  -12.5751 N   0  0  0  0  0  0
   37.8134   -4.6756  -11.6484 C   0  0  0  0  0  0
  1  2  2  0
  1  3  1  0
  1  4  1  0
  1  8  1  0
  5  6  1  0
  5  7  2  0
  5  8  1  0
  5 12  1  0
  9 10  1  0
  9 11  2  0
  9 12  1  0
  9 13  1  0
 13 14  1  0
 14 15  1  0
 15 16  1  0
 15 17  1  0
 16 21  1  0
 17 18  1  0
 17 19  1  0
 19 20  1  0
 19 21  1  0
 21 22  1  0
 22 23  1  0
 22 31  1  0
 23 24  2  0
 24 25  1  0
 25 26  1  0
 25 31  2  0
 26 27  1  0
 26 28  2  0
 28 29  1  0
 29 30  2  0
 30 31  1  0
M  CHG  4   3  -1   4  -1   6  -1  10  -1
M  END
POSE 4
AGS
                    3D
 
 31 33  0  0  1  0            999 V2000
   28.0500   -2.5709  -10.9099 P   0  0  0  0  0  0
   29.1700   -1.0226  -10.5473 S   0  0  0  0  0  0
   27.7323   -2.6319  -12.4306 O   0  5  0  0  0  0
   26.7273   -2.4350  -10.1011 O   0  5  0  0  0  0
   29.8443   -4.5136  -11.4704 P   0  0  0  0  0  0
   29.2110   -5.1261  -12.6517 O   0  5  0  0  0  0
   30.6125   -5.5230  -10.6229 O   0  0  0  0  0  0
   28.7836   -3.8743  -10.4941 O   0  0  0  0  0  0
   31.3671   -3.4713  -13.3913 P   0  0  0  0  0  0
   30.6685   -2.4236  -14.1599 O   0  5  0  0  0  0
   31.1553   -4.9189  -13.8288 O   0  0  0  0  0  0
   30.8955   -3.4370  -11.9054 O   0  0  0  0  0  0
   32.8831   -3.0930  -13.3135 O   0  0  0  0  0  0
   33.4117   -2.6034  -12.0664 C   0  0  0  0  0  0
   34.4911   -1.5837  -12.3241 C   0  0  1  0  0  0
   35.5844   -1.7908  -11.4091 O   0  0  0  0  0  0
   35.1272   -1.6275  -13.7047 C   0  0  1  0  0  0
   35.6671   -0.3635  -14.0665 O   0  0  0  0  0  0
   36.2450   -2.6514  -13.5185 C   0  0  1  0  0  0
   37.3627   -2.3927  -14.3570 O   0  0  0  0  0  0
   36.6524   -2.4568  -12.0553 C   0  0  2  0  0  0
   36.8678   -3.7195  -11.3715 N   0  0  0  0  0  0
   36.1145   -4.2271  -10.3492 C   0  0  0  0  0  0
   36.5100   -5.4027   -9.9289 N   0  0  0  0  0  0
   37.5803   -5.7031  -10.7532 C   0  0  0  0  0  0
   38.4375   -6.8163  -10.8221 C   0  0  0  0  0  0
   38.3295   -7.8814  -10.0285 N   0  0  0  0  0  0
   39.4169   -6.7986  -11.7524 N   0  0  0  0  0  0
   39.5239   -5.7357  -12.5524 C   0  0  0  0  0  0
   38.7793   -4.6267  -12.5751 N   0  0  0  0  0  0
   37.8134   -4.6756  -11.6484 C   0  0  0  0  0  0
  1  2  2  0
  1  3  1  0
  1  4  1  0
  1  8  1  0
  5  6  1  0
  5  7  2  0
  5  8  1  0
  5 12  1  0
  9 10  1  0
  9 11  2  0
  9 12  1  0
  9 13  1  0
 13 14  1  0
 14 15  1  0
 15 16  1  0
 15 17  1  0
 16 21  1  0
 17 18  1  0
 17 19  1  0
 19 20  1  0
 19 21  1  0
 21 22  1  0
 22 23  1  0
 22 31  1  0
 23 24  2  0
 24 25  1  0
 25 26  1  0
 25 31  2  0
 26 27  1  0
 26 28  2  0
 28 29  1  0
 29 30  2  0
 30 31  1  0
M  CHG  4   3  -1   4  -1   6  -1  10  -1
M  END
POSE 5
AGS
                    3D
 
 31 33  0  0  1  0            999 V2000
   28.0500   -2.5709  -10.9099 P   0  0  0  0  0  0
   29.1700   -1.0226  -10.5473 S   0  0  0  0  0  0
   27.7323   -2.6319  -12.4306 O   0  5  0  0  0  0
   26.7273   -2.4350  -10.1011 O   0  5  0  0  0  0
   29.8443   -4.5136  -11.4704 P   0  0  0  0  0  0
   29.2110   -5.1261  -12.6517 O   0  5  0  0  0  0
   30.6125   -5.5230  -10.6229 O   0  0  0  0  0  0
   28.7836   -3.8743  -10.4941 O   0  0  0  0  0  0
   31.3671   -3.4713  -13.3913 P   0  0  0  0  0  0
   30.6685   -2.4236  -14.1599 O   0  5  0  0  0  0
   31.1553   -4.9189  -13.8288 O   0  0  0  0  0  0
   30.8955   -3.4370  -11.9054 O   0  0  0  0  0  0
   32.8831   -3.0930  -13.3135 O   0  0  0  0  0  0
   33.4117   -2.6034  -12.0664 C   0  0  0  0  0  0
   34.4911   -1.5837  -12.3241 C   0  0  1  0  0  0
   35.5844   -1.7908  -11.4091 O   0  0  0  0  0  0
   35.1272   -1.6275  -13.7047 C   0  0  1  0  0  0
   35.6671   -0.3635  -14.0665 O   0  0  0  0  0  0
   36.2450   -2.6514  -13.5185 C   0  0  1  0  0  0
   37.3627   -2.3927  -14.3570 O   0  0  0  0  0  0
   36.6524   -2.4568  -12.0553 C   0  0  2  0  0  0
   36.8678   -3.7195  -11.3715 N   0  0  0  0  0  0
   36.1145   -4.2271  -10.3492 C   0  0  0  0  0  0
   36.5100   -5.4027   -9.9289 N   0  0  0  0  0  0
   37.5803   -5.7031  -10.7532 C   0  0  0  0  0  0
   38.4375   -6.8163  -10.8221 C   0  0  0  0  0  0
   38.3295   -7.8814  -10.0285 N   0  0  0  0  0  0
   39.4169   -6.7986  -11.7524 N   0  0  0  0  0  0
   39.5239   -5.7357  -12.5524 C   0  0  0  0  0  0
   38.7793   -4.6267  -12.5751 N   0  0  0  0  0  0
   37.8134   -4.6756  -11.6484 C   0  0  0  0  0  0
  1  2  2  0
  1  3  1  0
  1  4  1  0
  1  8  1  0
  5  6  1  0
  5  7  2  0
  5  8  1  0
  5 12  1  0
  9 10  1  0
  9 11  2  0
  9 12  1  0
  9 13  1  0
 13 14  1  0
 14 15  1  0
 15 16  1  0
 15 17  1  0
 16 21  1  0
 17 18  1  0
 17 19  1  0
 19 20  1  0
 19 21  1  0
 21 22  1  0
 22 23  1  0
 22 31  1  0
 23 24  2  0
 24 25  1  0
 25 26  1  0
 25 31  2  0
 26 27  1  0
 26 28  2  0
 28 29  1  0
 29 30  2  0
 30 31  1  0
M  CHG  4   3  -1   4  -1   6  -1  10  -1
M  END
LIGAND 005 AGS
POSE 1
AGS
                    3D
 
 31 33  0  0  1  0            999 V2000
   -9.6729   27.7261    9.6616 P   0  0  0  0  0  0
  -11.5548   27.7353   10.1529 S   0  0  0  0  0  0
   -9.4830   28.5147    8.3353 O   0  5  0  0  0  0
   -9.2111   26.2524    9.4684 O   0  5  0  0  0  0
   -8.7184   29.9693   10.8298 P   0  0  0  0  0  0
   -7.8933   30.5079    9.7340 O   0  5  0  0  0  0
   -8.1470   30.2850   12.2086 O   0  0  0  0  0  0
   -8.8235   28.3968   10.7745 O   0  0  0  0  0  0
  -10.3297   31.9035    9.9594 P   0  0  0  0  0  0
  -10.9659   31.5713    8.6705 O   0  5  0  0  0  0
   -8.9377   32.5295    9.9120 O   0  0  0  0  0  0
  -10.1489   30.6071   10.8067 O   0  0  0  0  0  0
  -11.3357   32.7618   10.7954 O   0  0  0  0  0  0
  -12.0042   32.1503   11.9151 C   0  0  0  0  0  0
  -13.3953   32.7117   12.0596 C   0  0  1  0  0  0
  -13.6872   32.9357   13.4524 O   0  0  0  0  0  0
  -13.6397   34.0554   11.3910 C   0  0  1  0  0  0
  -15.0134   34.2334   11.0727 O   0  0  0  0  0  0
  -13.2109   35.0434   12.4739 C   0  0  1  0  0  0
  -13.9371   36.2634   12.4135 O   0  0  0  0  0  0
  -13.5604   34.3084   13.7710 C   0  0  2  0  0  0
  -12.5189   34.4377   14.7745 N   0  0  0  0  0  0
  -11.7288   33.4315   15.2577 C   0  0  0  0  0  0
  -10.8455   33.8251   16.1408 N   0  0  0  0  0  0
  -11.0486   35.1917   16.2216 C   0  0  0  0  0  0
  -10.4258   36.1968   16.9836 C   0  0  0  0  0  0
   -9.4193   35.9674   17.8263 N   0  0  0  0  0  0
  -10.8750   37.4629   16.8407 N   0  0  0  0  0  0
  -11.8791   37.6964   15.9932 C   0  0  0  0  0  0
  -12.5480   36.8291   15.2283 N   0  0  0  0  0  0
  -12.0766   35.5850   15.3850 C   0  0  0  0  0  0
  1  2  2  0
  1  3  1  0
  1  4  1  0
  1  8  1  0
  5  6  1  0
  5  7  2  0
  5  8  1  0
  5 12  1  0
  9 10  1  0
  9 11  2  0
  9 12  1  0
  9 13  1  0
 13 14  1  0
 14 15  1  0
 15 16  1  0
 15 17  1  0
 16 21  1  0
 17 18  1  0
 17 19  1  0
 19 20  1  0
 19 21  1  0
 21 22  1  0
 22 23  1  0
 22 31  1  0
 23 24  2  0
 24 25  1  0
 25 26  1  0
 25 31  2  0
 26 27  1  0
 26 28  2  0
 28 29  1  0
 29 30  2  0
 30 31  1  0
M  CHG  4   3  -1   4  -1   6  -1  10  -1
M  END
POSE 2
AGS
                    3D
 
 31 33  0  0  1  0            999 V2000
   -9.6729   27.7261    9.6616 P   0  0  0  0  0  0
  -11.5548   27.7353   10.1529 S   0  0  0  0  0  0
   -9.4830   28.5147    8.3353 O   0  5  0  0  0  0
   -9.2111   26.2524    9.4684 O   0  5  0  0  0  0
   -8.7184   29.9693   10.8298 P   0  0  0  0  0  0
   -7.8933   30.5079    9.7340 O   0  5  0  0  0  0
   -8.1470   30.2850   12.2086 O   0  0  0  0  0  0
   -8.8235   28.3968   10.7745 O   0  0  0  0  0  0
  -10.3297   31.9035    9.9594 P   0  0  0  0  0  0
  -10.9659   31.5713    8.6705 O   0  5  0  0  0  0
   -8.9377   32.5295    9.9120 O   0  0  0  0  0  0
  -10.1489   30.6071   10.8067 O   0  0  0  0  0  0
  -11.3357   32.7618   10.7954 O   0  0  0  0  0  0
  -12.0042   32.1503   11.9151 C   0  0  0  0  0  0
  -13.3953   32.7117   12.0596 C   0  0  1  0  0  0
  -13.6872   32.9357   13.4524 O   0  0  0  0  0  0
  -13.6397   34.0554   11.3910 C   0  0  1  0  0  0
  -15.0134   34.2334   11.0727 O   0  0  0  0  0  0
  -13.2109   35.0434   12.4739 C   0  0  1  0  0  0
  -13.9371   36.2634   12.4135 O   0  0  0  0  0  0
  -13.5604   34.3084   13.7710 C   0  0  2  0  0  0
  -12.5189   34.4377   14.7745 N   0  0  0  0  0  0
  -11.7288   33.4315   15.2577 C   0  0  0  0  0  0
  -10.8455   33.8251   16.1408 N   0  0  0  0  0  0
  -11.0486   35.1917   16.2216 C   0  0  0  0  0  0
  -10.4258   36.1968   16.9836 C   0  0  0  0  0  0
   -9.4193   35.9674   17.8263 N   0  0  0  0  0  0
  -10.8750   37.4629   16.8407 N   0  0  0  0  0  0
  -11.8791   37.6964   15.9932 C   0  0  0  0  0  0
  -12.5480   36.8291   15.2283 N   0  0  0  0  0  0
  -12.0766   35.5850   15.3850 C   0  0  0  0  0  0
  1  2  2  0
  1  3  1  0
  1  4  1  0
  1  8  1  0
  5  6  1  0
  5  7  2  0
  5  8  1  0
  5 12  1  0
  9 10  1  0
  9 11  2  0
  9 12  1  0
  9 13  1  0
 13 14  1  0
 14 15  1  0
 15 16  1  0
 15 17  1  0
 16 21  1  0
 17 18  1  0
 17 19  1  0
 19 20  1  0
 19 21  1  0
 21 22  1  0
 22 23  1  0
 22 31  1  0
 23 24  2  0
 24 25  1  0
 25 26  1  0
 25 31  2  0
 26 27  1  0
 26 28  2  0
 28 29  1  0
 29 30  2  0
 30 31  1  0
M  CHG  4   3  -1   4  -1   6  -1  10  -1
M  END
POSE 3
AGS
                    3D
 
 31 33  0  0  1  0            999 V2000
   -9.6729   27.7261    9.6616 P   0  0  0  0  0  0
  -11.5548   27.7353   10.1529 S   0  0  0  0  0  0
   -9.4830   28.5147    8.3353 O   0  5  0  0  0  0
   -9.2111   26.2524    9.4684 O   0  5  0  0  0  0
   -8.7184   29.9693   10.8298 P   0  0  0  0  0  0
   -7.8933   30.5079    9.7340 O   0  5  0  0  0  0
   -8.1470   30.2850   12.2086 O   0  0  0  0  0  0
   -8.8235   28.3968   10.7745 O   0  0  0  0  0  0
  -10.3297   31.9035    9.9594 P   0  0  0  0  0  0
  -10.9659   31.5713    8.6705 O   0  5  0  0  0  0
   -8.9377   32.5295    9.9120 O   0  0  0  0  0  0
  -10.1489   30.6071   10.8067 O   0  0  0  0  0  0
  -11.3357   32.7618   10.7954 O   0  0  0  0  0  0
  -12.0042   32.1503   11.9151 C   0  0  0  0  0  0
  -13.3953   32.7117   12.0596 C   0  0  1  0  0  0
  -13.6872   32.9357   13.4524 O   0  0  0  0  0  0
  -13.6397   34.0554   11.3910 C   0  0  1  0  0  0
  -15.0134   34.2334   11.0727 O   0  0  0  0  0  0
  -13.2109   35.0434   12.4739 C   0  0  1  0  0  0
  -13.9371   36.2634   12.4135 O   0  0  0  0  0  0
  -13.5604   34.3084   13.7710 C   0  0  2  0  0  0
  -12.5189   34.4377   14.7745 N   0  0  0  0  0  0
  -11.7288   33.4315   15.2577 C   0  0  0  0  0  0
  -10.8455   33.8251   16.1408 N   0  0  0  0  0  0
  -11.0486   35.1917   16.2216 C   0  0  0  0  0  0
  -10.4258   36.1968   16.9836 C   0  0  0  0  0  0
   -9.4193   35.9674   17.8263 N   0  0  0  0  0  0
  -10.8750   37.4629   16.8407 N   0  0  0  0  0  0
  -11.8791   37.6964   15.9932 C   0  0  0  0  0  0
  -12.5480   36.8291   15.2283 N   0  0  0  0  0  0
  -12.0766   35.5850   15.3850 C   0  0  0  0  0  0
  1  2  2  0
  1  3  1  0
  1  4  1  0
  1  8  1  0
  5  6  1  0
  5  7  2  0
  5  8  1  0
  5 12  1  0
  9 10  1  0
  9 11  2  0
  9 12  1  0
  9 13  1  0
 13 14  1  0
 14 15  1  0
 15 16  1  0
 15 17  1  0
 16 21  1  0
 17 18  1  0
 17 19  1  0
 19 20  1  0
 19 21  1  0
 21 22  1  0
 22 23  1  0
 22 31  1  0
 23 24  2  0
 24 25  1  0
 25 26  1  0
 25 31  2  0
 26 27  1  0
 26 28  2  0
 28 29  1  0
 29 30  2  0
 30 31  1  0
M  CHG  4   3  -1   4  -1   6  -1  10  -1
M  END
POSE 4
AGS
                    3D
 
 31 33  0  0  1  0            999 V2000
   -9.6729   27.7261    9.6616 P   0  0  0  0  0  0
  -11.5548   27.7353   10.1529 S   0  0  0  0  0  0
   -9.4830   28.5147    8.3353 O   0  5  0  0  0  0
   -9.2111   26.2524    9.4684 O   0  5  0  0  0  0
   -8.7184   29.9693   10.8298 P   0  0  0  0  0  0
   -7.8933   30.5079    9.7340 O   0  5  0  0  0  0
   -8.1470   30.2850   12.2086 O   0  0  0  0  0  0
   -8.8235   28.3968   10.7745 O   0  0  0  0  0  0
  -10.3297   31.9035    9.9594 P   0  0  0  0  0  0
  -10.9659   31.5713    8.6705 O   0  5  0  0  0  0
   -8.9377   32.5295    9.9120 O   0  0  0  0  0  0
  -10.1489   30.6071   10.8067 O   0  0  0  0  0  0
  -11.3357   32.7618   10.7954 O   0  0  0  0  0  0
  -12.0042   32.1503   11.9151 C   0  0  0  0  0  0
  -13.3953   32.7117   12.0596 C   0  0  1  0  0  0
  -13.6872   32.9357   13.4524 O   0  0  0  0  0  0
  -13.6397   34.0554   11.3910 C   0  0  1  0  0  0
  -15.0134   34.2334   11.0727 O   0  0  0  0  0  0
  -13.2109   35.0434   12.4739 C   0  0  1  0  0  0
  -13.9371   36.2634   12.4135 O   0  0  0  0  0  0
  -13.5604   34.3084   13.7710 C   0  0  2  0  0  0
  -12.5189   34.4377   14.7745 N   0  0  0  0  0  0
  -11.7288   33.4315   15.2577 C   0  0  0  0  0  0
  -10.8455   33.8251   16.1408 N   0  0  0  0  0  0
  -11.0486   35.1917   16.2216 C   0  0  0  0  0  0
  -10.4258   36.1968   16.9836 C   0  0  0  0  0  0
   -9.4193   35.9674   17.8263 N   0  0  0  0  0  0
  -10.8750   37.4629   16.8407 N   0  0  0  0  0  0
  -11.8791   37.6964   15.9932 C   0  0  0  0  0  0
  -12.5480   36.8291   15.2283 N   0  0  0  0  0  0
  -12.0766   35.5850   15.3850 C   0  0  0  0  0  0
  1  2  2  0
  1  3  1  0
  1  4  1  0
  1  8  1  0
  5  6  1  0
  5  7  2  0
  5  8  1  0
  5 12  1  0
  9 10  1  0
  9 11  2  0
  9 12  1  0
  9 13  1  0
 13 14  1  0
 14 15  1  0
 15 16  1  0
 15 17  1  0
 16 21  1  0
 17 18  1  0
 17 19  1  0
 19 20  1  0
 19 21  1  0
 21 22  1  0
 22 23  1  0
 22 31  1  0
 23 24  2  0
 24 25  1  0
 25 26  1  0
 25 31  2  0
 26 27  1  0
 26 28  2  0
 28 29  1  0
 29 30  2  0
 30 31  1  0
M  CHG  4   3  -1   4  -1   6  -1  10  -1
M  END
POSE 5
AGS
                    3D
 
 31 33  0  0  1  0            999 V2000
   -9.6729   27.7261    9.6616 P   0  0  0  0  0  0
  -11.5548   27.7353   10.1529 S   0  0  0  0  0  0
   -9.4830   28.5147    8.3353 O   0  5  0  0  0  0
   -9.2111   26.2524    9.4684 O   0  5  0  0  0  0
   -8.7184   29.9693   10.8298 P   0  0  0  0  0  0
   -7.8933   30.5079    9.7340 O   0  5  0  0  0  0
   -8.1470   30.2850   12.2086 O   0  0  0  0  0  0
   -8.8235   28.3968   10.7745 O   0  0  0  0  0  0
  -10.3297   31.9035    9.9594 P   0  0  0  0  0  0
  -10.9659   31.5713    8.6705 O   0  5  0  0  0  0
   -8.9377   32.5295    9.9120 O   0  0  0  0  0  0
  -10.1489   30.6071   10.8067 O   0  0  0  0  0  0
  -11.3357   32.7618   10.7954 O   0  0  0  0  0  0
  -12.0042   32.1503   11.9151 C   0  0  0  0  0  0
  -13.3953   32.7117   12.0596 C   0  0  1  0  0  0
  -13.6872   32.9357   13.4524 O   0  0  0  0  0  0
  -13.6397   34.0554   11.3910 C   0  0  1  0  0  0
  -15.0134   34.2334   11.0727 O   0  0  0  0  0  0
  -13.2109   35.0434   12.4739 C   0  0  1  0  0  0
  -13.9371   36.2634   12.4135 O   0  0  0  0  0  0
  -13.5604   34.3084   13.7710 C   0  0  2  0  0  0
  -12.5189   34.4377   14.7745 N   0  0  0  0  0  0
  -11.7288   33.4315   15.2577 C   0  0  0  0  0  0
  -10.8455   33.8251   16.1408 N   0  0  0  0  0  0
  -11.0486   35.1917   16.2216 C   0  0  0  0  0  0
  -10.4258   36.1968   16.9836 C   0  0  0  0  0  0
   -9.4193   35.9674   17.8263 N   0  0  0  0  0  0
  -10.8750   37.4629   16.8407 N   0  0  0  0  0  0
  -11.8791   37.6964   15.9932 C   0  0  0  0  0  0
  -12.5480   36.8291   15.2283 N   0  0  0  0  0  0
  -12.0766   35.5850   15.3850 C   0  0  0  0  0  0
  1  2  2  0
  1  3  1  0
  1  4  1  0
  1  8  1  0
  5  6  1  0
  5  7  2  0
  5  8  1  0
  5 12  1  0
  9 10  1  0
  9 11  2  0
  9 12  1  0
  9 13  1  0
 13 14  1  0
 14 15  1  0
 15 16  1  0
 15 17  1  0
 16 21  1  0
 17 18  1  0
 17 19  1  0
 19 20  1  0
 19 21  1  0
 21 22  1  0
 22 23  1  0
 22 31  1  0
 23 24  2  0
 24 25  1  0
 25 26  1  0
 25 31  2  0
 26 27  1  0
 26 28  2  0
 28 29  1  0
 29 30  2  0
 30 31  1  0
M  CHG  4   3  -1   4  -1   6  -1  10  -1
M  END
LIGAND 006 AGS
POSE 1
AGS
                    3D
 
 31 33  0  0  1  0            999 V2000
  -21.1133  -21.1085   -5.5863 P   0  0  0  0  0  0
  -20.3225  -22.7063   -6.3641 S   0  0  0  0  0  0
  -21.9465  -20.3668   -6.6693 O   0  5  0  0  0  0
  -19.9730  -20.1818   -5.0735 O   0  5  0  0  0  0
  -23.5161  -21.9762   -4.7022 P   0  0  0  0  0  0
  -24.3807  -20.8748   -5.1617 O   0  5  0  0  0  0
  -24.0022  -22.6036   -3.3994 O   0  0  0  0  0  0
  -22.0455  -21.4905   -4.4052 O   0  0  0  0  0  0
  -24.6252  -23.1303   -6.8312 P   0  0  0  0  0  0
  -24.0946  -22.6003   -8.1016 O   0  5  0  0  0  0
  -25.7761  -22.3661   -6.1805 O   0  0  0  0  0  0
  -23.4992  -23.1379   -5.7528 O   0  0  0  0  0  0
  -24.9613  -24.6447   -7.0346 O   0  0  0  0  0  0
  -24.0952  -25.6319   -6.4432 C   0  0  0  0  0  0
  -24.0205  -26.8523   -7.3243 C   0  0  1  0  0  0
  -24.0627  -28.0416   -6.5126 O   0  0  0  0  0  0
  -25.1580  -27.0211   -8.3193 C   0  0  1  0  0  0
  -24.7555  -27.7977   -9.4395 O   0  0  0  0  0  0
  -26.2037  -27.7722   -7.4977 C   0  0  1  0  0  0
  -27.0105  -28.6263   -8.2970 O   0  0  0  0  0  0
  -25.3535  -28.6201   -6.5475 C   0  0  2  0  0  0
  -25.8771  -28.6212   -5.1932 N   0  0  0  0  0  0
  -25.2791  -28.0733   -4.0920 C   0  0  0  0  0  0
  -25.9802  -28.1892   -2.9920 N   0  0  0  0  0  0
  -27.1345  -28.8317   -3.4046 C   0  0  0  0  0  0
  -28.2858  -29.2459   -2.7105 C   0  0  0  0  0  0
  -28.4736  -29.0459   -1.4064 N   0  0  0  0  0  0
  -29.2524  -29.8739   -3.4151 N   0  0  0  0  0  0
  -29.0695  -30.0705   -4.7224 C   0  0  0  0  0  0
  -28.0242  -29.7310   -5.4819 N   0  0  0  0  0  0
  -27.0865  -29.1045   -4.7590 C   0  0  0  0  0  0
  1  2  2  0
  1  3  1  0
  1  4  1  0
  1  8  1  0
  5  6  1  0
  5  7  2  0
  5  8  1  0
  5 12  1  0
  9 10  1  0
  9 11  2  0
  9 12  1  0
  9 13  1  0
 13 14  1  0
 14 15  1  0
 15 16  1  0
 15 17  1  0
 16 21  1  0
 17 18  1  0
 17 19  1  0
 19 20  1  0
 19 21  1  0
 21 22  1  0
 22 23  1  0
 22 31  1  0
 23 24  2  0
 24 25  1  0
 25 26  1  0
 25 31  2  0
 26 27  1  0
 26 28  2  0
 28 29  1  0
 29 30  2  0
 30 31  1  0
M  CHG  4   3  -1   4  -1   6  -1  10  -1
M  END
POSE 2
AGS
                    3D
 
 31 33  0  0  1  0            999 V2000
  -21.1133  -21.1085   -5.5863 P   0  0  0  0  0  0
  -20.3225  -22.7063   -6.3641 S   0  0  0  0  0  0
  -21.9465  -20.3668   -6.6693 O   0  5  0  0  0  0
  -19.9730  -20.1818   -5.0735 O   0  5  0  0  0  0
  -23.5161  -21.9762   -4.7022 P   0  0  0  0  0  0
  -24.3807  -20.8748   -5.1617 O   0  5  0  0  0  0
  -24.0022  -22.6036   -3.3994 O   0  0  0  0  0  0
  -22.0455  -21.4905   -4.4052 O   0  0  0  0  0  0
  -24.6252  -23.1303   -6.8312 P   0  0  0  0  0  0
  -24.0946  -22.6003   -8.1016 O   0  5  0  0  0  0
  -25.7761  -22.3661   -6.1805 O   0  0  0  0  0  0
  -23.4992  -23.1379   -5.7528 O   0  0  0  0  0  0
  -24.9613  -24.6447   -7.0346 O   0  0  0  0  0  0
  -24.0952  -25.6319   -6.4432 C   0  0  0  0  0  0
  -24.0205  -26.8523   -7.3243 C   0  0  1  0  0  0
  -24.0627  -28.0416   -6.5126 O   0  0  0  0  0  0
  -25.1580  -27.0211   -8.3193 C   0  0  1  0  0  0
  -24.7555  -27.7977   -9.4395 O   0  0  0  0  0  0
  -26.2037  -27.7722   -7.4977 C   0  0  1  0  0  0
  -27.0105  -28.6263   -8.2970 O   0  0  0  0  0  0
  -25.3535  -28.6201   -6.5475 C   0  0  2  0  0  0
  -25.8771  -28.6212   -5.1932 N   0  0  0  0  0  0
  -25.2791  -28.0733   -4.0920 C   0  0  0  0  0  0
  -25.9802  -28.1892   -2.9920 N   0  0  0  0  0  0
  -27.1345  -28.8317   -3.4046 C   0  0  0  0  0  0
  -28.2858  -29.2459   -2.7105 C   0  0  0  0  0  0
  -28.4736  -29.0459   -1.4064 N   0  0  0  0  0  0
  -29.2524  -29.8739   -3.4151 N   0  0  0  0  0  0
  -29.0695  -30.0705   -4.7224 C   0  0  0  0  0  0
  -28.0242  -29.7310   -5.4819 N   0  0  0  0  0  0
  -27.0865  -29.1045   -4.7590 C   0  0  0  0  0  0
  1  2  2  0
  1  3  1  0
  1  4  1  0
  1  8  1  0
  5  6  1  0
  5  7  2  0
  5  8  1  0
  5 12  1  0
  9 10  1  0
  9 11  2  0
  9 12  1  0
  9 13  1  0
 13 14  1  0
 14 15  1  0
 15 16  1  0
 15 17  1  0
 16 21  1  0
 17 18  1  0
 17 19  1  0
 19 20  1  0
 19 21  1  0
 21 22  1  0
 22 23  1  0
 22 31  1  0
 23 24  2  0
 24 25  1  0
 25 26  1  0
 25 31  2  0
 26 27  1  0
 26 28  2  0
 28 29  1  0
 29 30  2  0
 30 31  1  0
M  CHG  4   3  -1   4  -1   6  -1  10  -1
M  END
POSE 3
AGS
                    3D
 
 31 33  0  0  1  0            999 V2000
  -21.1133  -21.1085   -5.5863 P   0  0  0  0  0  0
  -20.3225  -22.7063   -6.3641 S   0  0  0  0  0  0
  -21.9465  -20.3668   -6.6693 O   0  5  0  0  0  0
  -19.9730  -20.1818   -5.0735 O   0  5  0  0  0  0
  -23.5161  -21.9762   -4.7022 P   0  0  0  0  0  0
  -24.3807  -20.8748   -5.1617 O   0  5  0  0  0  0
  -24.0022  -22.6036   -3.3994 O   0  0  0  0  0  0
  -22.0455  -21.4905   -4.4052 O   0  0  0  0  0  0
  -24.6252  -23.1303   -6.8312 P   0  0  0  0  0  0
  -24.0946  -22.6003   -8.1016 O   0  5  0  0  0  0
  -25.7761  -22.3661   -6.1805 O   0  0  0  0  0  0
  -23.4992  -23.1379   -5.7528 O   0  0  0  0  0  0
  -24.9613  -24.6447   -7.0346 O   0  0  0  0  0  0
  -24.0952  -25.6319   -6.4432 C   0  0  0  0  0  0
  -24.0205  -26.8523   -7.3243 C   0  0  1  0  0  0
  -24.0627  -28.0416   -6.5126 O   0  0  0  0  0  0
  -25.1580  -27.0211   -8.3193 C   0  0  1  0  0  0
  -24.7555  -27.7977   -9.4395 O   0  0  0  0  0  0
  -26.2037  -27.7722   -7.4977 C   0  0  1  0  0  0
  -27.0105  -28.6263   -8.2970 O   0  0  0  0  0  0
  -25.3535  -28.6201   -6.5475 C   0  0  2  0  0  0
  -25.8771  -28.6212   -5.1932 N   0  0  0  0  0  0
  -25.2791  -28.0733   -4.0920 C   0  0  0  0  0  0
  -25.9802  -28.1892   -2.9920 N   0  0  0  0  0  0
  -27.1345  -28.8317   -3.4046 C   0  0  0  0  0  0
  -28.2858  -29.2459   -2.7105 C   0  0  0  0  0  0
  -28.4736  -29.0459   -1.4064 N   0  0  0  0  0  0
  -29.2524  -29.8739   -3.4151 N   0  0  0  0  0  0
  -29.0695  -30.0705   -4.7224 C   0  0  0  0  0  0
  -28.0242  -29.7310   -5.4819 N   0  0  0  0  0  0
  -27.0865  -29.1045   -4.7590 C   0  0  0  0  0  0
  1  2  2  0
  1  3  1  0
  1  4  1  0
  1  8  1  0
  5  6  1  0
  5  7  2  0
  5  8  1  0
  5 12  1  0
  9 10  1  0
  9 11  2  0
  9 12  1  0
  9 13  1  0
 13 14  1  0
 14 15  1  0
 15 16  1  0
 15 17  1  0
 16 21  1  0
 17 18  1  0
 17 19  1  0
 19 20  1  0
 19 21  1  0
 21 22  1  0
 22 23  1  0
 22 31  1  0
 23 24  2  0
 24 25  1  0
 25 26  1  0
 25 31  2  0
 26 27  1  0
 26 28  2  0
 28 29  1  0
 29 30  2  0
 30 31  1  0
M  CHG  4   3  -1   4  -1   6  -1  10  -1
M  END
POSE 4
AGS
                    3D
 
 31 33  0  0  1  0            999 V2000
  -21.1133  -21.1085   -5.5863 P   0  0  0  0  0  0
  -20.3225  -22.7063   -6.3641 S   0  0  0  0  0  0
  -21.9465  -20.3668   -6.6693 O   0  5  0  0  0  0
  -19.9730  -20.1818   -5.0735 O   0  5  0  0  0  0
  -23.5161  -21.9762   -4.7022 P   0  0  0  0  0  0
  -24.3807  -20.8748   -5.1617 O   0  5  0  0  0  0
  -24.0022  -22.6036   -3.3994 O   0  0  0  0  0  0
  -22.0455  -21.4905   -4.4052 O   0  0  0  0  0  0
  -24.6252  -23.1303   -6.8312 P   0  0  0  0  0  0
  -24.0946  -22.6003   -8.1016 O   0  5  0  0  0  0
  -25.7761  -22.3661   -6.1805 O   0  0  0  0  0  0
  -23.4992  -23.1379   -5.7528 O   0  0  0  0  0  0
  -24.9613  -24.6447   -7.0346 O   0  0  0  0  0  0
  -24.0952  -25.6319   -6.4432 C   0  0  0  0  0  0
  -24.0205  -26.8523   -7.3243 C   0  0  1  0  0  0
  -24.0627  -28.0416   -6.5126 O   0  0  0  0  0  0
  -25.1580  -27.0211   -8.3193 C   0  0  1  0  0  0
  -24.7555  -27.7977   -9.4395 O   0  0  0  0  0  0
  -26.2037  -27.7722   -7.4977 C   0  0  1  0  0  0
  -27.0105  -28.6263   -8.2970 O   0  0  0  0  0  0
  -25.3535  -28.6201   -6.5475 C   0  0  2  0  0  0
  -25.8771  -28.6212   -5.1932 N   0  0  0  0  0  0
  -25.2791  -28.0733   -4.0920 C   0  0  0  0  0  0
  -25.9802  -28.1892   -2.9920 N   0  0  0  0  0  0
  -27.1345  -28.8317   -3.4046 C   0  0  0  0  0  0
  -28.2858  -29.2459   -2.7105 C   0  0  0  0  0  0
  -28.4736  -29.0459   -1.4064 N   0  0  0  0  0  0
  -29.2524  -29.8739   -3.4151 N   0  0  0  0  0  0
  -29.0695  -30.0705   -4.7224 C   0  0  0  0  0  0
  -28.0242  -29.7310   -5.4819 N   0  0  0  0  0  0
  -27.0865  -29.1045   -4.7590 C   0  0  0  0  0  0
  1  2  2  0
  1  3  1  0
  1  4  1  0
  1  8  1  0
  5  6  1  0
  5  7  2  0
  5  8  1  0
  5 12  1  0
  9 10  1  0
  9 11  2  0
  9 12  1  0
  9 13  1  0
 13 14  1  0
 14 15  1  0
 15 16  1  0
 15 17  1  0
 16 21  1  0
 17 18  1  0
 17 19  1  0
 19 20  1  0
 19 21  1  0
 21 22  1  0
 22 23  1  0
 22 31  1  0
 23 24  2  0
 24 25  1  0
 25 26  1  0
 25 31  2  0
 26 27  1  0
 26 28  2  0
 28 29  1  0
 29 30  2  0
 30 31  1  0
M  CHG  4   3  -1   4  -1   6  -1  10  -1
M  END
POSE 5
AGS
                    3D
 
 31 33  0  0  1  0            999 V2000
  -21.1133  -21.1085   -5.5863 P   0  0  0  0  0  0
  -20.3225  -22.7063   -6.3641 S   0  0  0  0  0  0
  -21.9465  -20.3668   -6.6693 O   0  5  0  0  0  0
  -19.9730  -20.1818   -5.0735 O   0  5  0  0  0  0
  -23.5161  -21.9762   -4.7022 P   0  0  0  0  0  0
  -24.3807  -20.8748   -5.1617 O   0  5  0  0  0  0
  -24.0022  -22.6036   -3.3994 O   0  0  0  0  0  0
  -22.0455  -21.4905   -4.4052 O   0  0  0  0  0  0
  -24.6252  -23.1303   -6.8312 P   0  0  0  0  0  0
  -24.0946  -22.6003   -8.1016 O   0  5  0  0  0  0
  -25.7761  -22.3661   -6.1805 O   0  0  0  0  0  0
  -23.4992  -23.1379   -5.7528 O   0  0  0  0  0  0
  -24.9613  -24.6447   -7.0346 O   0  0  0  0  0  0
  -24.0952  -25.6319   -6.4432 C   0  0  0  0  0  0
  -24.0205  -26.8523   -7.3243 C   0  0  1  0  0  0
  -24.0627  -28.0416   -6.5126 O   0  0  0  0  0  0
  -25.1580  -27.0211   -8.3193 C   0  0  1  0  0  0
  -24.7555  -27.7977   -9.4395 O   0  0  0  0  0  0
  -26.2037  -27.7722   -7.4977 C   0  0  1  0  0  0
  -27.0105  -28.6263   -8.2970 O   0  0  0  0  0  0
  -25.3535  -28.6201   -6.5475 C   0  0  2  0  0  0
  -25.8771  -28.6212   -5.1932 N   0  0  0  0  0  0
  -25.2791  -28.0733   -4.0920 C   0  0  0  0  0  0
  -25.9802  -28.1892   -2.9920 N   0  0  0  0  0  0
  -27.1345  -28.8317   -3.4046 C   0  0  0  0  0  0
  -28.2858  -29.2459   -2.7105 C   0  0  0  0  0  0
  -28.4736  -29.0459   -1.4064 N   0  0  0  0  0  0
  -29.2524  -29.8739   -3.4151 N   0  0  0  0  0  0
  -29.0695  -30.0705   -4.7224 C   0  0  0  0  0  0
  -28.0242  -29.7310   -5.4819 N   0  0  0  0  0  0
  -27.0865  -29.1045   -4.7590 C   0  0  0  0  0  0
  1  2  2  0
  1  3  1  0
  1  4  1  0
  1  8  1  0
  5  6  1  0
  5  7  2  0
  5  8  1  0
  5 12  1  0
  9 10  1  0
  9 11  2  0
  9 12  1  0
  9 13  1  0
 13 14  1  0
 14 15  1  0
 15 16  1  0
 15 17  1  0
 16 21  1  0
 17 18  1  0
 17 19  1  0
 19 20  1  0
 19 21  1  0
 21 22  1  0
 22 23  1  0
 22 31  1  0
 23 24  2  0
 24 25  1  0
 25 26  1  0
 25 31  2  0
 26 27  1  0
 26 28  2  0
 28 29  1  0
 29 30  2  0
 30 31  1  0
M  CHG  4   3  -1   4  -1   6  -1  10  -1
M  END
LIGAND 007  MG
POSE 1
 MG
                    3D
 
  1  0  0  0  1  0            999 V2000
   28.9475   -3.5188  -13.9096 Mg  0  2  0  0  0  0
M  CHG  1   1   2
M  END
POSE 2
 MG
                    3D
 
  1  0  0  0  1  0            999 V2000
   28.9475   -3.5188  -13.9096 Mg  0  2  0  0  0  0
M  CHG  1   1   2
M  END
POSE 3
 MG
                    3D
 
  1  0  0  0  1  0            999 V2000
   28.9475   -3.5188  -13.9096 Mg  0  2  0  0  0  0
M  CHG  1   1   2
M  END
POSE 4
 MG
                    3D
 
  1  0  0  0  1  0            999 V2000
   28.9475   -3.5188  -13.9096 Mg  0  2  0  0  0  0
M  CHG  1   1   2
M  END
POSE 5
 MG
                    3D
 
  1  0  0  0  1  0            999 V2000
   28.9475   -3.5188  -13.9096 Mg  0  2  0  0  0  0
M  CHG  1   1   2
M  END
LIGAND 008  MG
POSE 1
 MG
                    3D
 
  1  0  0  0  1  0            999 V2000
   -9.2250   30.6017    8.1677 Mg  0  2  0  0  0  0
M  CHG  1   1   2
M  END
POSE 2
 MG
                    3D
 
  1  0  0  0  1  0            999 V2000
   -9.2250   30.6017    8.1677 Mg  0  2  0  0  0  0
M  CHG  1   1   2
M  END
POSE 3
 MG
                    3D
 
  1  0  0  0  1  0            999 V2000
   -9.2250   30.6017    8.1677 Mg  0  2  0  0  0  0
M  CHG  1   1   2
M  END
POSE 4
 MG
                    3D
 
  1  0  0  0  1  0            999 V2000
   -9.2250   30.6017    8.1677 Mg  0  2  0  0  0  0
M  CHG  1   1   2
M  END
POSE 5
 MG
                    3D
 
  1  0  0  0  1  0            999 V2000
   -9.2250   30.6017    8.1677 Mg  0  2  0  0  0  0
M  CHG  1   1   2
M  END
LIGAND 009  MG
POSE 1
 MG
                    3D
 
  1  0  0  0  1  0            999 V2000
  -23.9546  -20.7725   -7.1725 Mg  0  2  0  0  0  0
M  CHG  1   1   2
M  END
POSE 2
 MG
                    3D
 
  1  0  0  0  1  0            999 V2000
  -23.9546  -20.7725   -7.1725 Mg  0  2  0  0  0  0
M  CHG  1   1   2
M  END
POSE 3
 MG
                    3D
 
  1  0  0  0  1  0            999 V2000
  -23.9546  -20.7725   -7.1725 Mg  0  2  0  0  0  0
M  CHG  1   1   2
M  END
POSE 4
 MG
                    3D
 
  1  0  0  0  1  0            999 V2000
  -23.9546  -20.7725   -7.1725 Mg  0  2  0  0  0  0
M  CHG  1   1   2
M  END
POSE 5
 MG
                    3D
 
  1  0  0  0  1  0            999 V2000
  -23.9546  -20.7725   -7.1725 Mg  0  2  0  0  0  0
M  CHG  1   1   2
M  END
END
