PFRMAT LG
TARGET H1172
MODEL 1
LIGAND 001 ADP
POSE 1
ADP
                    3D
 
 27 29  0  0  1  0            999 V2000
    6.9085  -29.0666  -15.9017 P   0  0  0  0  0  0
    5.9056  -28.6854  -16.9689 O   0  0  0  0  0  0
    6.3027  -29.5897  -14.6268 O   0  5  0  0  0  0
    7.9816  -28.0333  -15.6478 O   0  5  0  0  0  0
    7.7194  -30.7660  -18.0772 P   0  0  0  0  0  0
    8.3762  -29.6537  -18.8609 O   0  0  0  0  0  0
    6.3530  -31.2420  -18.4818 O   0  5  0  0  0  0
    7.6882  -30.3597  -16.5051 O   0  0  0  0  0  0
    8.6719  -32.0687  -18.1235 O   0  0  0  0  0  0
   10.0540  -32.0165  -17.7843 C   0  0  0  0  0  0
   10.8948  -33.0815  -18.4990 C   0  0  1  0  0  0
   11.0801  -34.2126  -17.6392 O   0  0  0  0  0  0
   10.3231  -33.6061  -19.8149 C   0  0  1  0  0  0
   11.0481  -33.0739  -20.9278 O   0  0  0  0  0  0
   10.4464  -35.1142  -19.7484 C   0  0  1  0  0  0
   11.4860  -35.5683  -20.6228 O   0  0  0  0  0  0
   10.8177  -35.4504  -18.3175 C   0  0  2  0  0  0
    9.7649  -36.1815  -17.5532 N   0  0  0  0  0  0
    8.7287  -35.6101  -16.9045 C   0  0  0  0  0  0
    7.9764  -36.5505  -16.2705 N   0  0  0  0  0  0
    8.5413  -37.7512  -16.4998 C   0  0  0  0  0  0
    8.2634  -39.1648  -16.1274 C   0  0  0  0  0  0
    7.2018  -39.4893  -15.3573 N   0  0  0  0  0  0
    9.1034  -40.1271  -16.5860 N   0  0  0  0  0  0
   10.1770  -39.8295  -17.3552 C   0  0  0  0  0  0
   10.4844  -38.5641  -17.7264 N   0  0  0  0  0  0
    9.7241  -37.5019  -17.3413 C   0  0  0  0  0  0
  1  2  2  0
  1  3  1  0
  1  4  1  0
  1  8  1  0
  5  6  2  0
  5  7  1  0
  5  8  1  0
  5  9  1  0
  9 10  1  0
 10 11  1  0
 11 12  1  0
 11 13  1  0
 12 17  1  0
 13 14  1  0
 13 15  1  0
 15 16  1  0
 15 17  1  0
 17 18  1  0
 18 19  1  0
 18 27  1  0
 19 20  2  0
 20 21  1  0
 21 22  1  0
 21 27  2  0
 22 23  1  0
 22 24  2  0
 24 25  1  0
 25 26  2  0
 26 27  1  0
M  CHG  3   3  -1   4  -1   7  -1
M  END
POSE 2
ADP
                    3D
 
 27 29  0  0  1  0            999 V2000
    6.9085  -29.0666  -15.9017 P   0  0  0  0  0  0
    5.9056  -28.6854  -16.9689 O   0  0  0  0  0  0
    6.3027  -29.5897  -14.6268 O   0  5  0  0  0  0
    7.9816  -28.0333  -15.6478 O   0  5  0  0  0  0
    7.7194  -30.7660  -18.0772 P   0  0  0  0  0  0
    8.3762  -29.6537  -18.8609 O   0  0  0  0  0  0
    6.3530  -31.2420  -18.4818 O   0  5  0  0  0  0
    7.6882  -30.3597  -16.5051 O   0  0  0  0  0  0
    8.6719  -32.0687  -18.1235 O   0  0  0  0  0  0
   10.0540  -32.0165  -17.7843 C   0  0  0  0  0  0
   10.8948  -33.0815  -18.4990 C   0  0  1  0  0  0
   11.0801  -34.2126  -17.6392 O   0  0  0  0  0  0
   10.3231  -33.6061  -19.8149 C   0  0  1  0  0  0
   11.0481  -33.0739  -20.9278 O   0  0  0  0  0  0
   10.4464  -35.1142  -19.7484 C   0  0  1  0  0  0
   11.4860  -35.5683  -20.6228 O   0  0  0  0  0  0
   10.8177  -35.4504  -18.3175 C   0  0  2  0  0  0
    9.7649  -36.1815  -17.5532 N   0  0  0  0  0  0
    8.7287  -35.6101  -16.9045 C   0  0  0  0  0  0
    7.9764  -36.5505  -16.2705 N   0  0  0  0  0  0
    8.5413  -37.7512  -16.4998 C   0  0  0  0  0  0
    8.2634  -39.1648  -16.1274 C   0  0  0  0  0  0
    7.2018  -39.4893  -15.3573 N   0  0  0  0  0  0
    9.1034  -40.1271  -16.5860 N   0  0  0  0  0  0
   10.1770  -39.8295  -17.3552 C   0  0  0  0  0  0
   10.4844  -38.5641  -17.7264 N   0  0  0  0  0  0
    9.7241  -37.5019  -17.3413 C   0  0  0  0  0  0
  1  2  2  0
  1  3  1  0
  1  4  1  0
  1  8  1  0
  5  6  2  0
  5  7  1  0
  5  8  1  0
  5  9  1  0
  9 10  1  0
 10 11  1  0
 11 12  1  0
 11 13  1  0
 12 17  1  0
 13 14  1  0
 13 15  1  0
 15 16  1  0
 15 17  1  0
 17 18  1  0
 18 19  1  0
 18 27  1  0
 19 20  2  0
 20 21  1  0
 21 22  1  0
 21 27  2  0
 22 23  1  0
 22 24  2  0
 24 25  1  0
 25 26  2  0
 26 27  1  0
M  CHG  3   3  -1   4  -1   7  -1
M  END
POSE 3
ADP
                    3D
 
 27 29  0  0  1  0            999 V2000
    6.9085  -29.0666  -15.9017 P   0  0  0  0  0  0
    5.9056  -28.6854  -16.9689 O   0  0  0  0  0  0
    6.3027  -29.5897  -14.6268 O   0  5  0  0  0  0
    7.9816  -28.0333  -15.6478 O   0  5  0  0  0  0
    7.7194  -30.7660  -18.0772 P   0  0  0  0  0  0
    8.3762  -29.6537  -18.8609 O   0  0  0  0  0  0
    6.3530  -31.2420  -18.4818 O   0  5  0  0  0  0
    7.6882  -30.3597  -16.5051 O   0  0  0  0  0  0
    8.6719  -32.0687  -18.1235 O   0  0  0  0  0  0
   10.0540  -32.0165  -17.7843 C   0  0  0  0  0  0
   10.8948  -33.0815  -18.4990 C   0  0  1  0  0  0
   11.0801  -34.2126  -17.6392 O   0  0  0  0  0  0
   10.3231  -33.6061  -19.8149 C   0  0  1  0  0  0
   11.0481  -33.0739  -20.9278 O   0  0  0  0  0  0
   10.4464  -35.1142  -19.7484 C   0  0  1  0  0  0
   11.4860  -35.5683  -20.6228 O   0  0  0  0  0  0
   10.8177  -35.4504  -18.3175 C   0  0  2  0  0  0
    9.7649  -36.1815  -17.5532 N   0  0  0  0  0  0
    8.7287  -35.6101  -16.9045 C   0  0  0  0  0  0
    7.9764  -36.5505  -16.2705 N   0  0  0  0  0  0
    8.5413  -37.7512  -16.4998 C   0  0  0  0  0  0
    8.2634  -39.1648  -16.1274 C   0  0  0  0  0  0
    7.2018  -39.4893  -15.3573 N   0  0  0  0  0  0
    9.1034  -40.1271  -16.5860 N   0  0  0  0  0  0
   10.1770  -39.8295  -17.3552 C   0  0  0  0  0  0
   10.4844  -38.5641  -17.7264 N   0  0  0  0  0  0
    9.7241  -37.5019  -17.3413 C   0  0  0  0  0  0
  1  2  2  0
  1  3  1  0
  1  4  1  0
  1  8  1  0
  5  6  2  0
  5  7  1  0
  5  8  1  0
  5  9  1  0
  9 10  1  0
 10 11  1  0
 11 12  1  0
 11 13  1  0
 12 17  1  0
 13 14  1  0
 13 15  1  0
 15 16  1  0
 15 17  1  0
 17 18  1  0
 18 19  1  0
 18 27  1  0
 19 20  2  0
 20 21  1  0
 21 22  1  0
 21 27  2  0
 22 23  1  0
 22 24  2  0
 24 25  1  0
 25 26  2  0
 26 27  1  0
M  CHG  3   3  -1   4  -1   7  -1
M  END
POSE 4
ADP
                    3D
 
 27 29  0  0  1  0            999 V2000
    6.9085  -29.0666  -15.9017 P   0  0  0  0  0  0
    5.9056  -28.6854  -16.9689 O   0  0  0  0  0  0
    6.3027  -29.5897  -14.6268 O   0  5  0  0  0  0
    7.9816  -28.0333  -15.6478 O   0  5  0  0  0  0
    7.7194  -30.7660  -18.0772 P   0  0  0  0  0  0
    8.3762  -29.6537  -18.8609 O   0  0  0  0  0  0
    6.3530  -31.2420  -18.4818 O   0  5  0  0  0  0
    7.6882  -30.3597  -16.5051 O   0  0  0  0  0  0
    8.6719  -32.0687  -18.1235 O   0  0  0  0  0  0
   10.0540  -32.0165  -17.7843 C   0  0  0  0  0  0
   10.8948  -33.0815  -18.4990 C   0  0  1  0  0  0
   11.0801  -34.2126  -17.6392 O   0  0  0  0  0  0
   10.3231  -33.6061  -19.8149 C   0  0  1  0  0  0
   11.0481  -33.0739  -20.9278 O   0  0  0  0  0  0
   10.4464  -35.1142  -19.7484 C   0  0  1  0  0  0
   11.4860  -35.5683  -20.6228 O   0  0  0  0  0  0
   10.8177  -35.4504  -18.3175 C   0  0  2  0  0  0
    9.7649  -36.1815  -17.5532 N   0  0  0  0  0  0
    8.7287  -35.6101  -16.9045 C   0  0  0  0  0  0
    7.9764  -36.5505  -16.2705 N   0  0  0  0  0  0
    8.5413  -37.7512  -16.4998 C   0  0  0  0  0  0
    8.2634  -39.1648  -16.1274 C   0  0  0  0  0  0
    7.2018  -39.4893  -15.3573 N   0  0  0  0  0  0
    9.1034  -40.1271  -16.5860 N   0  0  0  0  0  0
   10.1770  -39.8295  -17.3552 C   0  0  0  0  0  0
   10.4844  -38.5641  -17.7264 N   0  0  0  0  0  0
    9.7241  -37.5019  -17.3413 C   0  0  0  0  0  0
  1  2  2  0
  1  3  1  0
  1  4  1  0
  1  8  1  0
  5  6  2  0
  5  7  1  0
  5  8  1  0
  5  9  1  0
  9 10  1  0
 10 11  1  0
 11 12  1  0
 11 13  1  0
 12 17  1  0
 13 14  1  0
 13 15  1  0
 15 16  1  0
 15 17  1  0
 17 18  1  0
 18 19  1  0
 18 27  1  0
 19 20  2  0
 20 21  1  0
 21 22  1  0
 21 27  2  0
 22 23  1  0
 22 24  2  0
 24 25  1  0
 25 26  2  0
 26 27  1  0
M  CHG  3   3  -1   4  -1   7  -1
M  END
POSE 5
ADP
                    3D
 
 27 29  0  0  1  0            999 V2000
    6.9085  -29.0666  -15.9017 P   0  0  0  0  0  0
    5.9056  -28.6854  -16.9689 O   0  0  0  0  0  0
    6.3027  -29.5897  -14.6268 O   0  5  0  0  0  0
    7.9816  -28.0333  -15.6478 O   0  5  0  0  0  0
    7.7194  -30.7660  -18.0772 P   0  0  0  0  0  0
    8.3762  -29.6537  -18.8609 O   0  0  0  0  0  0
    6.3530  -31.2420  -18.4818 O   0  5  0  0  0  0
    7.6882  -30.3597  -16.5051 O   0  0  0  0  0  0
    8.6719  -32.0687  -18.1235 O   0  0  0  0  0  0
   10.0540  -32.0165  -17.7843 C   0  0  0  0  0  0
   10.8948  -33.0815  -18.4990 C   0  0  1  0  0  0
   11.0801  -34.2126  -17.6392 O   0  0  0  0  0  0
   10.3231  -33.6061  -19.8149 C   0  0  1  0  0  0
   11.0481  -33.0739  -20.9278 O   0  0  0  0  0  0
   10.4464  -35.1142  -19.7484 C   0  0  1  0  0  0
   11.4860  -35.5683  -20.6228 O   0  0  0  0  0  0
   10.8177  -35.4504  -18.3175 C   0  0  2  0  0  0
    9.7649  -36.1815  -17.5532 N   0  0  0  0  0  0
    8.7287  -35.6101  -16.9045 C   0  0  0  0  0  0
    7.9764  -36.5505  -16.2705 N   0  0  0  0  0  0
    8.5413  -37.7512  -16.4998 C   0  0  0  0  0  0
    8.2634  -39.1648  -16.1274 C   0  0  0  0  0  0
    7.2018  -39.4893  -15.3573 N   0  0  0  0  0  0
    9.1034  -40.1271  -16.5860 N   0  0  0  0  0  0
   10.1770  -39.8295  -17.3552 C   0  0  0  0  0  0
   10.4844  -38.5641  -17.7264 N   0  0  0  0  0  0
    9.7241  -37.5019  -17.3413 C   0  0  0  0  0  0
  1  2  2  0
  1  3  1  0
  1  4  1  0
  1  8  1  0
  5  6  2  0
  5  7  1  0
  5  8  1  0
  5  9  1  0
  9 10  1  0
 10 11  1  0
 11 12  1  0
 11 13  1  0
 12 17  1  0
 13 14  1  0
 13 15  1  0
 15 16  1  0
 15 17  1  0
 17 18  1  0
 18 19  1  0
 18 27  1  0
 19 20  2  0
 20 21  1  0
 21 22  1  0
 21 27  2  0
 22 23  1  0
 22 24  2  0
 24 25  1  0
 25 26  2  0
 26 27  1  0
M  CHG  3   3  -1   4  -1   7  -1
M  END
LIGAND 002 ADP
POSE 1
ADP
                    3D
 
 27 29  0  0  1  0            999 V2000
   22.9392   25.3656    0.6404 P   0  0  0  0  0  0
   22.9934   25.2640   -0.8685 O   0  0  0  0  0  0
   23.6947   24.2883    1.3713 O   0  5  0  0  0  0
   21.5558   25.5850    1.2077 O   0  5  0  0  0  0
   24.0946   27.9060   -0.0596 P   0  0  0  0  0  0
   22.7933   28.5008   -0.5451 O   0  0  0  0  0  0
   25.0928   27.4040   -1.0640 O   0  5  0  0  0  0
   23.7715   26.7161    0.9975 O   0  0  0  0  0  0
   24.8744   29.0098    0.8236 O   0  0  0  0  0  0
   24.2526   29.7049    1.8997 C   0  0  0  0  0  0
   24.8501   31.0950    2.1500 C   0  0  1  0  0  0
   25.8156   31.0264    3.2063 O   0  0  0  0  0  0
   25.5393   31.7470    0.9526 C   0  0  1  0  0  0
   24.7286   32.7955    0.4132 O   0  0  0  0  0  0
   26.8566   32.2828    1.4739 C   0  0  1  0  0  0
   26.8131   33.7117    1.5633 O   0  0  0  0  0  0
   27.0347   31.7025    2.8631 C   0  0  2  0  0  0
   28.1565   30.7271    2.9947 N   0  0  0  0  0  0
   28.0875   29.4106    2.7066 C   0  0  0  0  0  0
   29.2699   28.7932    2.9766 N   0  0  0  0  0  0
   30.1166   29.7216    3.4611 C   0  0  0  0  0  0
   31.5233   29.7533    3.9454 C   0  0  0  0  0  0
   32.2800   28.6342    3.9689 N   0  0  0  0  0  0
   32.0332   30.9404    4.3608 N   0  0  0  0  0  0
   31.2958   32.0757    4.3522 C   0  0  0  0  0  0
   30.0112   32.1120    3.9257 N   0  0  0  0  0  0
   29.3756   30.9943    3.4768 C   0  0  0  0  0  0
  1  2  2  0
  1  3  1  0
  1  4  1  0
  1  8  1  0
  5  6  2  0
  5  7  1  0
  5  8  1  0
  5  9  1  0
  9 10  1  0
 10 11  1  0
 11 12  1  0
 11 13  1  0
 12 17  1  0
 13 14  1  0
 13 15  1  0
 15 16  1  0
 15 17  1  0
 17 18  1  0
 18 19  1  0
 18 27  1  0
 19 20  2  0
 20 21  1  0
 21 22  1  0
 21 27  2  0
 22 23  1  0
 22 24  2  0
 24 25  1  0
 25 26  2  0
 26 27  1  0
M  CHG  3   3  -1   4  -1   7  -1
M  END
POSE 2
ADP
                    3D
 
 27 29  0  0  1  0            999 V2000
   22.9392   25.3656    0.6404 P   0  0  0  0  0  0
   22.9934   25.2640   -0.8685 O   0  0  0  0  0  0
   23.6947   24.2883    1.3713 O   0  5  0  0  0  0
   21.5558   25.5850    1.2077 O   0  5  0  0  0  0
   24.0946   27.9060   -0.0596 P   0  0  0  0  0  0
   22.7933   28.5008   -0.5451 O   0  0  0  0  0  0
   25.0928   27.4040   -1.0640 O   0  5  0  0  0  0
   23.7715   26.7161    0.9975 O   0  0  0  0  0  0
   24.8744   29.0098    0.8236 O   0  0  0  0  0  0
   24.2526   29.7049    1.8997 C   0  0  0  0  0  0
   24.8501   31.0950    2.1500 C   0  0  1  0  0  0
   25.8156   31.0264    3.2063 O   0  0  0  0  0  0
   25.5393   31.7470    0.9526 C   0  0  1  0  0  0
   24.7286   32.7955    0.4132 O   0  0  0  0  0  0
   26.8566   32.2828    1.4739 C   0  0  1  0  0  0
   26.8131   33.7117    1.5633 O   0  0  0  0  0  0
   27.0347   31.7025    2.8631 C   0  0  2  0  0  0
   28.1565   30.7271    2.9947 N   0  0  0  0  0  0
   28.0875   29.4106    2.7066 C   0  0  0  0  0  0
   29.2699   28.7932    2.9766 N   0  0  0  0  0  0
   30.1166   29.7216    3.4611 C   0  0  0  0  0  0
   31.5233   29.7533    3.9454 C   0  0  0  0  0  0
   32.2800   28.6342    3.9689 N   0  0  0  0  0  0
   32.0332   30.9404    4.3608 N   0  0  0  0  0  0
   31.2958   32.0757    4.3522 C   0  0  0  0  0  0
   30.0112   32.1120    3.9257 N   0  0  0  0  0  0
   29.3756   30.9943    3.4768 C   0  0  0  0  0  0
  1  2  2  0
  1  3  1  0
  1  4  1  0
  1  8  1  0
  5  6  2  0
  5  7  1  0
  5  8  1  0
  5  9  1  0
  9 10  1  0
 10 11  1  0
 11 12  1  0
 11 13  1  0
 12 17  1  0
 13 14  1  0
 13 15  1  0
 15 16  1  0
 15 17  1  0
 17 18  1  0
 18 19  1  0
 18 27  1  0
 19 20  2  0
 20 21  1  0
 21 22  1  0
 21 27  2  0
 22 23  1  0
 22 24  2  0
 24 25  1  0
 25 26  2  0
 26 27  1  0
M  CHG  3   3  -1   4  -1   7  -1
M  END
POSE 3
ADP
                    3D
 
 27 29  0  0  1  0            999 V2000
   22.9392   25.3656    0.6404 P   0  0  0  0  0  0
   22.9934   25.2640   -0.8685 O   0  0  0  0  0  0
   23.6947   24.2883    1.3713 O   0  5  0  0  0  0
   21.5558   25.5850    1.2077 O   0  5  0  0  0  0
   24.0946   27.9060   -0.0596 P   0  0  0  0  0  0
   22.7933   28.5008   -0.5451 O   0  0  0  0  0  0
   25.0928   27.4040   -1.0640 O   0  5  0  0  0  0
   23.7715   26.7161    0.9975 O   0  0  0  0  0  0
   24.8744   29.0098    0.8236 O   0  0  0  0  0  0
   24.2526   29.7049    1.8997 C   0  0  0  0  0  0
   24.8501   31.0950    2.1500 C   0  0  1  0  0  0
   25.8156   31.0264    3.2063 O   0  0  0  0  0  0
   25.5393   31.7470    0.9526 C   0  0  1  0  0  0
   24.7286   32.7955    0.4132 O   0  0  0  0  0  0
   26.8566   32.2828    1.4739 C   0  0  1  0  0  0
   26.8131   33.7117    1.5633 O   0  0  0  0  0  0
   27.0347   31.7025    2.8631 C   0  0  2  0  0  0
   28.1565   30.7271    2.9947 N   0  0  0  0  0  0
   28.0875   29.4106    2.7066 C   0  0  0  0  0  0
   29.2699   28.7932    2.9766 N   0  0  0  0  0  0
   30.1166   29.7216    3.4611 C   0  0  0  0  0  0
   31.5233   29.7533    3.9454 C   0  0  0  0  0  0
   32.2800   28.6342    3.9689 N   0  0  0  0  0  0
   32.0332   30.9404    4.3608 N   0  0  0  0  0  0
   31.2958   32.0757    4.3522 C   0  0  0  0  0  0
   30.0112   32.1120    3.9257 N   0  0  0  0  0  0
   29.3756   30.9943    3.4768 C   0  0  0  0  0  0
  1  2  2  0
  1  3  1  0
  1  4  1  0
  1  8  1  0
  5  6  2  0
  5  7  1  0
  5  8  1  0
  5  9  1  0
  9 10  1  0
 10 11  1  0
 11 12  1  0
 11 13  1  0
 12 17  1  0
 13 14  1  0
 13 15  1  0
 15 16  1  0
 15 17  1  0
 17 18  1  0
 18 19  1  0
 18 27  1  0
 19 20  2  0
 20 21  1  0
 21 22  1  0
 21 27  2  0
 22 23  1  0
 22 24  2  0
 24 25  1  0
 25 26  2  0
 26 27  1  0
M  CHG  3   3  -1   4  -1   7  -1
M  END
POSE 4
ADP
                    3D
 
 27 29  0  0  1  0            999 V2000
   22.9392   25.3656    0.6404 P   0  0  0  0  0  0
   22.9934   25.2640   -0.8685 O   0  0  0  0  0  0
   23.6947   24.2883    1.3713 O   0  5  0  0  0  0
   21.5558   25.5850    1.2077 O   0  5  0  0  0  0
   24.0946   27.9060   -0.0596 P   0  0  0  0  0  0
   22.7933   28.5008   -0.5451 O   0  0  0  0  0  0
   25.0928   27.4040   -1.0640 O   0  5  0  0  0  0
   23.7715   26.7161    0.9975 O   0  0  0  0  0  0
   24.8744   29.0098    0.8236 O   0  0  0  0  0  0
   24.2526   29.7049    1.8997 C   0  0  0  0  0  0
   24.8501   31.0950    2.1500 C   0  0  1  0  0  0
   25.8156   31.0264    3.2063 O   0  0  0  0  0  0
   25.5393   31.7470    0.9526 C   0  0  1  0  0  0
   24.7286   32.7955    0.4132 O   0  0  0  0  0  0
   26.8566   32.2828    1.4739 C   0  0  1  0  0  0
   26.8131   33.7117    1.5633 O   0  0  0  0  0  0
   27.0347   31.7025    2.8631 C   0  0  2  0  0  0
   28.1565   30.7271    2.9947 N   0  0  0  0  0  0
   28.0875   29.4106    2.7066 C   0  0  0  0  0  0
   29.2699   28.7932    2.9766 N   0  0  0  0  0  0
   30.1166   29.7216    3.4611 C   0  0  0  0  0  0
   31.5233   29.7533    3.9454 C   0  0  0  0  0  0
   32.2800   28.6342    3.9689 N   0  0  0  0  0  0
   32.0332   30.9404    4.3608 N   0  0  0  0  0  0
   31.2958   32.0757    4.3522 C   0  0  0  0  0  0
   30.0112   32.1120    3.9257 N   0  0  0  0  0  0
   29.3756   30.9943    3.4768 C   0  0  0  0  0  0
  1  2  2  0
  1  3  1  0
  1  4  1  0
  1  8  1  0
  5  6  2  0
  5  7  1  0
  5  8  1  0
  5  9  1  0
  9 10  1  0
 10 11  1  0
 11 12  1  0
 11 13  1  0
 12 17  1  0
 13 14  1  0
 13 15  1  0
 15 16  1  0
 15 17  1  0
 17 18  1  0
 18 19  1  0
 18 27  1  0
 19 20  2  0
 20 21  1  0
 21 22  1  0
 21 27  2  0
 22 23  1  0
 22 24  2  0
 24 25  1  0
 25 26  2  0
 26 27  1  0
M  CHG  3   3  -1   4  -1   7  -1
M  END
POSE 5
ADP
                    3D
 
 27 29  0  0  1  0            999 V2000
   22.9392   25.3656    0.6404 P   0  0  0  0  0  0
   22.9934   25.2640   -0.8685 O   0  0  0  0  0  0
   23.6947   24.2883    1.3713 O   0  5  0  0  0  0
   21.5558   25.5850    1.2077 O   0  5  0  0  0  0
   24.0946   27.9060   -0.0596 P   0  0  0  0  0  0
   22.7933   28.5008   -0.5451 O   0  0  0  0  0  0
   25.0928   27.4040   -1.0640 O   0  5  0  0  0  0
   23.7715   26.7161    0.9975 O   0  0  0  0  0  0
   24.8744   29.0098    0.8236 O   0  0  0  0  0  0
   24.2526   29.7049    1.8997 C   0  0  0  0  0  0
   24.8501   31.0950    2.1500 C   0  0  1  0  0  0
   25.8156   31.0264    3.2063 O   0  0  0  0  0  0
   25.5393   31.7470    0.9526 C   0  0  1  0  0  0
   24.7286   32.7955    0.4132 O   0  0  0  0  0  0
   26.8566   32.2828    1.4739 C   0  0  1  0  0  0
   26.8131   33.7117    1.5633 O   0  0  0  0  0  0
   27.0347   31.7025    2.8631 C   0  0  2  0  0  0
   28.1565   30.7271    2.9947 N   0  0  0  0  0  0
   28.0875   29.4106    2.7066 C   0  0  0  0  0  0
   29.2699   28.7932    2.9766 N   0  0  0  0  0  0
   30.1166   29.7216    3.4611 C   0  0  0  0  0  0
   31.5233   29.7533    3.9454 C   0  0  0  0  0  0
   32.2800   28.6342    3.9689 N   0  0  0  0  0  0
   32.0332   30.9404    4.3608 N   0  0  0  0  0  0
   31.2958   32.0757    4.3522 C   0  0  0  0  0  0
   30.0112   32.1120    3.9257 N   0  0  0  0  0  0
   29.3756   30.9943    3.4768 C   0  0  0  0  0  0
  1  2  2  0
  1  3  1  0
  1  4  1  0
  1  8  1  0
  5  6  2  0
  5  7  1  0
  5  8  1  0
  5  9  1  0
  9 10  1  0
 10 11  1  0
 11 12  1  0
 11 13  1  0
 12 17  1  0
 13 14  1  0
 13 15  1  0
 15 16  1  0
 15 17  1  0
 17 18  1  0
 18 19  1  0
 18 27  1  0
 19 20  2  0
 20 21  1  0
 21 22  1  0
 21 27  2  0
 22 23  1  0
 22 24  2  0
 24 25  1  0
 25 26  2  0
 26 27  1  0
M  CHG  3   3  -1   4  -1   7  -1
M  END
LIGAND 003 ADP
POSE 1
ADP
                    3D
 
 27 29  0  0  1  0            999 V2000
  -32.9404    7.6884    7.8677 P   0  0  0  0  0  0
  -32.9080    8.7372    6.7773 O   0  0  0  0  0  0
  -32.2467    8.0852    9.1433 O   0  5  0  0  0  0
  -32.5619    6.2972    7.4151 O   0  5  0  0  0  0
  -35.7480    8.1103    7.4009 P   0  0  0  0  0  0
  -35.7724    7.3359    6.1037 O   0  0  0  0  0  0
  -35.7224    9.6119    7.3597 O   0  5  0  0  0  0
  -34.5034    7.5899    8.3053 O   0  0  0  0  0  0
  -37.0511    7.7149    8.2682 O   0  0  0  0  0  0
  -37.4045    6.3629    8.5421 C   0  0  0  0  0  0
  -38.9106    6.1592    8.7477 C   0  0  1  0  0  0
  -39.2150    6.1610   10.1478 O   0  0  0  0  0  0
  -39.8171    7.1976    8.0892 C   0  0  1  0  0  0
  -40.4571    6.6481    6.9334 O   0  0  0  0  0  0
  -40.8302    7.5916    9.1440 C   0  0  1  0  0  0
  -42.1143    7.0385    8.8329 O   0  0  0  0  0  0
  -40.3381    7.0023   10.4512 C   0  0  2  0  0  0
  -39.9020    8.0066   11.4653 N   0  0  0  0  0  0
  -38.6797    8.5745   11.5299 C   0  0  0  0  0  0
  -38.5916    9.4141   12.5974 N   0  0  0  0  0  0
  -39.7720    9.3804   13.2448 C   0  0  0  0  0  0
  -40.3624   10.0241   14.4495 C   0  0  0  0  0  0
  -39.6491   10.8939   15.1979 N   0  0  0  0  0  0
  -41.6433    9.7191   14.7783 N   0  0  0  0  0  0
  -42.3789    8.8476   14.0488 C   0  0  0  0  0  0
  -41.8989    8.2283   12.9445 N   0  0  0  0  0  0
  -40.6309    8.4458   12.4977 C   0  0  0  0  0  0
  1  2  2  0
  1  3  1  0
  1  4  1  0
  1  8  1  0
  5  6  2  0
  5  7  1  0
  5  8  1  0
  5  9  1  0
  9 10  1  0
 10 11  1  0
 11 12  1  0
 11 13  1  0
 12 17  1  0
 13 14  1  0
 13 15  1  0
 15 16  1  0
 15 17  1  0
 17 18  1  0
 18 19  1  0
 18 27  1  0
 19 20  2  0
 20 21  1  0
 21 22  1  0
 21 27  2  0
 22 23  1  0
 22 24  2  0
 24 25  1  0
 25 26  2  0
 26 27  1  0
M  CHG  3   3  -1   4  -1   7  -1
M  END
POSE 2
ADP
                    3D
 
 27 29  0  0  1  0            999 V2000
  -32.9404    7.6884    7.8677 P   0  0  0  0  0  0
  -32.9080    8.7372    6.7773 O   0  0  0  0  0  0
  -32.2467    8.0852    9.1433 O   0  5  0  0  0  0
  -32.5619    6.2972    7.4151 O   0  5  0  0  0  0
  -35.7480    8.1103    7.4009 P   0  0  0  0  0  0
  -35.7724    7.3359    6.1037 O   0  0  0  0  0  0
  -35.7224    9.6119    7.3597 O   0  5  0  0  0  0
  -34.5034    7.5899    8.3053 O   0  0  0  0  0  0
  -37.0511    7.7149    8.2682 O   0  0  0  0  0  0
  -37.4045    6.3629    8.5421 C   0  0  0  0  0  0
  -38.9106    6.1592    8.7477 C   0  0  1  0  0  0
  -39.2150    6.1610   10.1478 O   0  0  0  0  0  0
  -39.8171    7.1976    8.0892 C   0  0  1  0  0  0
  -40.4571    6.6481    6.9334 O   0  0  0  0  0  0
  -40.8302    7.5916    9.1440 C   0  0  1  0  0  0
  -42.1143    7.0385    8.8329 O   0  0  0  0  0  0
  -40.3381    7.0023   10.4512 C   0  0  2  0  0  0
  -39.9020    8.0066   11.4653 N   0  0  0  0  0  0
  -38.6797    8.5745   11.5299 C   0  0  0  0  0  0
  -38.5916    9.4141   12.5974 N   0  0  0  0  0  0
  -39.7720    9.3804   13.2448 C   0  0  0  0  0  0
  -40.3624   10.0241   14.4495 C   0  0  0  0  0  0
  -39.6491   10.8939   15.1979 N   0  0  0  0  0  0
  -41.6433    9.7191   14.7783 N   0  0  0  0  0  0
  -42.3789    8.8476   14.0488 C   0  0  0  0  0  0
  -41.8989    8.2283   12.9445 N   0  0  0  0  0  0
  -40.6309    8.4458   12.4977 C   0  0  0  0  0  0
  1  2  2  0
  1  3  1  0
  1  4  1  0
  1  8  1  0
  5  6  2  0
  5  7  1  0
  5  8  1  0
  5  9  1  0
  9 10  1  0
 10 11  1  0
 11 12  1  0
 11 13  1  0
 12 17  1  0
 13 14  1  0
 13 15  1  0
 15 16  1  0
 15 17  1  0
 17 18  1  0
 18 19  1  0
 18 27  1  0
 19 20  2  0
 20 21  1  0
 21 22  1  0
 21 27  2  0
 22 23  1  0
 22 24  2  0
 24 25  1  0
 25 26  2  0
 26 27  1  0
M  CHG  3   3  -1   4  -1   7  -1
M  END
POSE 3
ADP
                    3D
 
 27 29  0  0  1  0            999 V2000
  -32.9404    7.6884    7.8677 P   0  0  0  0  0  0
  -32.9080    8.7372    6.7773 O   0  0  0  0  0  0
  -32.2467    8.0852    9.1433 O   0  5  0  0  0  0
  -32.5619    6.2972    7.4151 O   0  5  0  0  0  0
  -35.7480    8.1103    7.4009 P   0  0  0  0  0  0
  -35.7724    7.3359    6.1037 O   0  0  0  0  0  0
  -35.7224    9.6119    7.3597 O   0  5  0  0  0  0
  -34.5034    7.5899    8.3053 O   0  0  0  0  0  0
  -37.0511    7.7149    8.2682 O   0  0  0  0  0  0
  -37.4045    6.3629    8.5421 C   0  0  0  0  0  0
  -38.9106    6.1592    8.7477 C   0  0  1  0  0  0
  -39.2150    6.1610   10.1478 O   0  0  0  0  0  0
  -39.8171    7.1976    8.0892 C   0  0  1  0  0  0
  -40.4571    6.6481    6.9334 O   0  0  0  0  0  0
  -40.8302    7.5916    9.1440 C   0  0  1  0  0  0
  -42.1143    7.0385    8.8329 O   0  0  0  0  0  0
  -40.3381    7.0023   10.4512 C   0  0  2  0  0  0
  -39.9020    8.0066   11.4653 N   0  0  0  0  0  0
  -38.6797    8.5745   11.5299 C   0  0  0  0  0  0
  -38.5916    9.4141   12.5974 N   0  0  0  0  0  0
  -39.7720    9.3804   13.2448 C   0  0  0  0  0  0
  -40.3624   10.0241   14.4495 C   0  0  0  0  0  0
  -39.6491   10.8939   15.1979 N   0  0  0  0  0  0
  -41.6433    9.7191   14.7783 N   0  0  0  0  0  0
  -42.3789    8.8476   14.0488 C   0  0  0  0  0  0
  -41.8989    8.2283   12.9445 N   0  0  0  0  0  0
  -40.6309    8.4458   12.4977 C   0  0  0  0  0  0
  1  2  2  0
  1  3  1  0
  1  4  1  0
  1  8  1  0
  5  6  2  0
  5  7  1  0
  5  8  1  0
  5  9  1  0
  9 10  1  0
 10 11  1  0
 11 12  1  0
 11 13  1  0
 12 17  1  0
 13 14  1  0
 13 15  1  0
 15 16  1  0
 15 17  1  0
 17 18  1  0
 18 19  1  0
 18 27  1  0
 19 20  2  0
 20 21  1  0
 21 22  1  0
 21 27  2  0
 22 23  1  0
 22 24  2  0
 24 25  1  0
 25 26  2  0
 26 27  1  0
M  CHG  3   3  -1   4  -1   7  -1
M  END
POSE 4
ADP
                    3D
 
 27 29  0  0  1  0            999 V2000
  -32.9404    7.6884    7.8677 P   0  0  0  0  0  0
  -32.9080    8.7372    6.7773 O   0  0  0  0  0  0
  -32.2467    8.0852    9.1433 O   0  5  0  0  0  0
  -32.5619    6.2972    7.4151 O   0  5  0  0  0  0
  -35.7480    8.1103    7.4009 P   0  0  0  0  0  0
  -35.7724    7.3359    6.1037 O   0  0  0  0  0  0
  -35.7224    9.6119    7.3597 O   0  5  0  0  0  0
  -34.5034    7.5899    8.3053 O   0  0  0  0  0  0
  -37.0511    7.7149    8.2682 O   0  0  0  0  0  0
  -37.4045    6.3629    8.5421 C   0  0  0  0  0  0
  -38.9106    6.1592    8.7477 C   0  0  1  0  0  0
  -39.2150    6.1610   10.1478 O   0  0  0  0  0  0
  -39.8171    7.1976    8.0892 C   0  0  1  0  0  0
  -40.4571    6.6481    6.9334 O   0  0  0  0  0  0
  -40.8302    7.5916    9.1440 C   0  0  1  0  0  0
  -42.1143    7.0385    8.8329 O   0  0  0  0  0  0
  -40.3381    7.0023   10.4512 C   0  0  2  0  0  0
  -39.9020    8.0066   11.4653 N   0  0  0  0  0  0
  -38.6797    8.5745   11.5299 C   0  0  0  0  0  0
  -38.5916    9.4141   12.5974 N   0  0  0  0  0  0
  -39.7720    9.3804   13.2448 C   0  0  0  0  0  0
  -40.3624   10.0241   14.4495 C   0  0  0  0  0  0
  -39.6491   10.8939   15.1979 N   0  0  0  0  0  0
  -41.6433    9.7191   14.7783 N   0  0  0  0  0  0
  -42.3789    8.8476   14.0488 C   0  0  0  0  0  0
  -41.8989    8.2283   12.9445 N   0  0  0  0  0  0
  -40.6309    8.4458   12.4977 C   0  0  0  0  0  0
  1  2  2  0
  1  3  1  0
  1  4  1  0
  1  8  1  0
  5  6  2  0
  5  7  1  0
  5  8  1  0
  5  9  1  0
  9 10  1  0
 10 11  1  0
 11 12  1  0
 11 13  1  0
 12 17  1  0
 13 14  1  0
 13 15  1  0
 15 16  1  0
 15 17  1  0
 17 18  1  0
 18 19  1  0
 18 27  1  0
 19 20  2  0
 20 21  1  0
 21 22  1  0
 21 27  2  0
 22 23  1  0
 22 24  2  0
 24 25  1  0
 25 26  2  0
 26 27  1  0
M  CHG  3   3  -1   4  -1   7  -1
M  END
POSE 5
ADP
                    3D
 
 27 29  0  0  1  0            999 V2000
  -32.9404    7.6884    7.8677 P   0  0  0  0  0  0
  -32.9080    8.7372    6.7773 O   0  0  0  0  0  0
  -32.2467    8.0852    9.1433 O   0  5  0  0  0  0
  -32.5619    6.2972    7.4151 O   0  5  0  0  0  0
  -35.7480    8.1103    7.4009 P   0  0  0  0  0  0
  -35.7724    7.3359    6.1037 O   0  0  0  0  0  0
  -35.7224    9.6119    7.3597 O   0  5  0  0  0  0
  -34.5034    7.5899    8.3053 O   0  0  0  0  0  0
  -37.0511    7.7149    8.2682 O   0  0  0  0  0  0
  -37.4045    6.3629    8.5421 C   0  0  0  0  0  0
  -38.9106    6.1592    8.7477 C   0  0  1  0  0  0
  -39.2150    6.1610   10.1478 O   0  0  0  0  0  0
  -39.8171    7.1976    8.0892 C   0  0  1  0  0  0
  -40.4571    6.6481    6.9334 O   0  0  0  0  0  0
  -40.8302    7.5916    9.1440 C   0  0  1  0  0  0
  -42.1143    7.0385    8.8329 O   0  0  0  0  0  0
  -40.3381    7.0023   10.4512 C   0  0  2  0  0  0
  -39.9020    8.0066   11.4653 N   0  0  0  0  0  0
  -38.6797    8.5745   11.5299 C   0  0  0  0  0  0
  -38.5916    9.4141   12.5974 N   0  0  0  0  0  0
  -39.7720    9.3804   13.2448 C   0  0  0  0  0  0
  -40.3624   10.0241   14.4495 C   0  0  0  0  0  0
  -39.6491   10.8939   15.1979 N   0  0  0  0  0  0
  -41.6433    9.7191   14.7783 N   0  0  0  0  0  0
  -42.3789    8.8476   14.0488 C   0  0  0  0  0  0
  -41.8989    8.2283   12.9445 N   0  0  0  0  0  0
  -40.6309    8.4458   12.4977 C   0  0  0  0  0  0
  1  2  2  0
  1  3  1  0
  1  4  1  0
  1  8  1  0
  5  6  2  0
  5  7  1  0
  5  8  1  0
  5  9  1  0
  9 10  1  0
 10 11  1  0
 11 12  1  0
 11 13  1  0
 12 17  1  0
 13 14  1  0
 13 15  1  0
 15 16  1  0
 15 17  1  0
 17 18  1  0
 18 19  1  0
 18 27  1  0
 19 20  2  0
 20 21  1  0
 21 22  1  0
 21 27  2  0
 22 23  1  0
 22 24  2  0
 24 25  1  0
 25 26  2  0
 26 27  1  0
M  CHG  3   3  -1   4  -1   7  -1
M  END
LIGAND 004 AGS
POSE 1
AGS
                    3D
 
 31 33  0  0  1  0            999 V2000
   28.0356   -2.5674  -10.8912 P   0  0  0  0  0  0
   29.1566   -1.0197  -10.5290 S   0  0  0  0  0  0
   27.7180   -2.6287  -12.4119 O   0  5  0  0  0  0
   26.7129   -2.4304  -10.0825 O   0  5  0  0  0  0
   29.8287   -4.5115  -11.4510 P   0  0  0  0  0  0
   29.1950   -5.1240  -12.6321 O   0  5  0  0  0  0
   30.5961   -5.5211  -10.6030 O   0  0  0  0  0  0
   28.7683   -3.8712  -10.4750 O   0  0  0  0  0  0
   31.3522   -3.4708  -13.3720 P   0  0  0  0  0  0
   30.6544   -2.4229  -14.1410 O   0  5  0  0  0  0
   31.1395   -4.9185  -13.8092 O   0  0  0  0  0  0
   30.8806   -3.4357  -11.8863 O   0  0  0  0  0  0
   32.8685   -3.0935  -13.2942 O   0  0  0  0  0  0
   33.3974   -2.6038  -12.0473 C   0  0  0  0  0  0
   34.4775   -1.5850  -12.3052 C   0  0  1  0  0  0
   35.5705   -1.7925  -11.3901 O   0  0  0  0  0  0
   35.1136   -1.6296  -13.6858 C   0  0  1  0  0  0
   35.6544   -0.3661  -14.0480 O   0  0  0  0  0  0
   36.2308   -2.6542  -13.4992 C   0  0  1  0  0  0
   37.3487   -2.3965  -14.3377 O   0  0  0  0  0  0
   36.6382   -2.4594  -12.0361 C   0  0  2  0  0  0
   36.8527   -3.7220  -11.3518 N   0  0  0  0  0  0
   36.0990   -4.2288  -10.3294 C   0  0  0  0  0  0
   36.4936   -5.4045   -9.9087 N   0  0  0  0  0  0
   37.5638   -5.7059  -10.7328 C   0  0  0  0  0  0
   38.4203   -6.8197  -10.8013 C   0  0  0  0  0  0
   38.3115   -7.8845  -10.0074 N   0  0  0  0  0  0
   39.3998   -6.8030  -11.7316 N   0  0  0  0  0  0
   39.5075   -5.7404  -12.5318 C   0  0  0  0  0  0
   38.7637   -4.6309  -12.5550 N   0  0  0  0  0  0
   37.7976   -4.6789  -11.6283 C   0  0  0  0  0  0
  1  2  2  0
  1  3  1  0
  1  4  1  0
  1  8  1  0
  5  6  1  0
  5  7  2  0
  5  8  1  0
  5 12  1  0
  9 10  1  0
  9 11  2  0
  9 12  1  0
  9 13  1  0
 13 14  1  0
 14 15  1  0
 15 16  1  0
 15 17  1  0
 16 21  1  0
 17 18  1  0
 17 19  1  0
 19 20  1  0
 19 21  1  0
 21 22  1  0
 22 23  1  0
 22 31  1  0
 23 24  2  0
 24 25  1  0
 25 26  1  0
 25 31  2  0
 26 27  1  0
 26 28  2  0
 28 29  1  0
 29 30  2  0
 30 31  1  0
M  CHG  4   3  -1   4  -1   6  -1  10  -1
M  END
POSE 2
AGS
                    3D
 
 31 33  0  0  1  0            999 V2000
   28.0356   -2.5674  -10.8912 P   0  0  0  0  0  0
   29.1566   -1.0197  -10.5290 S   0  0  0  0  0  0
   27.7180   -2.6287  -12.4119 O   0  5  0  0  0  0
   26.7129   -2.4304  -10.0825 O   0  5  0  0  0  0
   29.8287   -4.5115  -11.4510 P   0  0  0  0  0  0
   29.1950   -5.1240  -12.6321 O   0  5  0  0  0  0
   30.5961   -5.5211  -10.6030 O   0  0  0  0  0  0
   28.7683   -3.8712  -10.4750 O   0  0  0  0  0  0
   31.3522   -3.4708  -13.3720 P   0  0  0  0  0  0
   30.6544   -2.4229  -14.1410 O   0  5  0  0  0  0
   31.1395   -4.9185  -13.8092 O   0  0  0  0  0  0
   30.8806   -3.4357  -11.8863 O   0  0  0  0  0  0
   32.8685   -3.0935  -13.2942 O   0  0  0  0  0  0
   33.3974   -2.6038  -12.0473 C   0  0  0  0  0  0
   34.4775   -1.5850  -12.3052 C   0  0  1  0  0  0
   35.5705   -1.7925  -11.3901 O   0  0  0  0  0  0
   35.1136   -1.6296  -13.6858 C   0  0  1  0  0  0
   35.6544   -0.3661  -14.0480 O   0  0  0  0  0  0
   36.2308   -2.6542  -13.4992 C   0  0  1  0  0  0
   37.3487   -2.3965  -14.3377 O   0  0  0  0  0  0
   36.6382   -2.4594  -12.0361 C   0  0  2  0  0  0
   36.8527   -3.7220  -11.3518 N   0  0  0  0  0  0
   36.0990   -4.2288  -10.3294 C   0  0  0  0  0  0
   36.4936   -5.4045   -9.9087 N   0  0  0  0  0  0
   37.5638   -5.7059  -10.7328 C   0  0  0  0  0  0
   38.4203   -6.8197  -10.8013 C   0  0  0  0  0  0
   38.3115   -7.8845  -10.0074 N   0  0  0  0  0  0
   39.3998   -6.8030  -11.7316 N   0  0  0  0  0  0
   39.5075   -5.7404  -12.5318 C   0  0  0  0  0  0
   38.7637   -4.6309  -12.5550 N   0  0  0  0  0  0
   37.7976   -4.6789  -11.6283 C   0  0  0  0  0  0
  1  2  2  0
  1  3  1  0
  1  4  1  0
  1  8  1  0
  5  6  1  0
  5  7  2  0
  5  8  1  0
  5 12  1  0
  9 10  1  0
  9 11  2  0
  9 12  1  0
  9 13  1  0
 13 14  1  0
 14 15  1  0
 15 16  1  0
 15 17  1  0
 16 21  1  0
 17 18  1  0
 17 19  1  0
 19 20  1  0
 19 21  1  0
 21 22  1  0
 22 23  1  0
 22 31  1  0
 23 24  2  0
 24 25  1  0
 25 26  1  0
 25 31  2  0
 26 27  1  0
 26 28  2  0
 28 29  1  0
 29 30  2  0
 30 31  1  0
M  CHG  4   3  -1   4  -1   6  -1  10  -1
M  END
POSE 3
AGS
                    3D
 
 31 33  0  0  1  0            999 V2000
   28.0356   -2.5674  -10.8912 P   0  0  0  0  0  0
   29.1566   -1.0197  -10.5290 S   0  0  0  0  0  0
   27.7180   -2.6287  -12.4119 O   0  5  0  0  0  0
   26.7129   -2.4304  -10.0825 O   0  5  0  0  0  0
   29.8287   -4.5115  -11.4510 P   0  0  0  0  0  0
   29.1950   -5.1240  -12.6321 O   0  5  0  0  0  0
   30.5961   -5.5211  -10.6030 O   0  0  0  0  0  0
   28.7683   -3.8712  -10.4750 O   0  0  0  0  0  0
   31.3522   -3.4708  -13.3720 P   0  0  0  0  0  0
   30.6544   -2.4229  -14.1410 O   0  5  0  0  0  0
   31.1395   -4.9185  -13.8092 O   0  0  0  0  0  0
   30.8806   -3.4357  -11.8863 O   0  0  0  0  0  0
   32.8685   -3.0935  -13.2942 O   0  0  0  0  0  0
   33.3974   -2.6038  -12.0473 C   0  0  0  0  0  0
   34.4775   -1.5850  -12.3052 C   0  0  1  0  0  0
   35.5705   -1.7925  -11.3901 O   0  0  0  0  0  0
   35.1136   -1.6296  -13.6858 C   0  0  1  0  0  0
   35.6544   -0.3661  -14.0480 O   0  0  0  0  0  0
   36.2308   -2.6542  -13.4992 C   0  0  1  0  0  0
   37.3487   -2.3965  -14.3377 O   0  0  0  0  0  0
   36.6382   -2.4594  -12.0361 C   0  0  2  0  0  0
   36.8527   -3.7220  -11.3518 N   0  0  0  0  0  0
   36.0990   -4.2288  -10.3294 C   0  0  0  0  0  0
   36.4936   -5.4045   -9.9087 N   0  0  0  0  0  0
   37.5638   -5.7059  -10.7328 C   0  0  0  0  0  0
   38.4203   -6.8197  -10.8013 C   0  0  0  0  0  0
   38.3115   -7.8845  -10.0074 N   0  0  0  0  0  0
   39.3998   -6.8030  -11.7316 N   0  0  0  0  0  0
   39.5075   -5.7404  -12.5318 C   0  0  0  0  0  0
   38.7637   -4.6309  -12.5550 N   0  0  0  0  0  0
   37.7976   -4.6789  -11.6283 C   0  0  0  0  0  0
  1  2  2  0
  1  3  1  0
  1  4  1  0
  1  8  1  0
  5  6  1  0
  5  7  2  0
  5  8  1  0
  5 12  1  0
  9 10  1  0
  9 11  2  0
  9 12  1  0
  9 13  1  0
 13 14  1  0
 14 15  1  0
 15 16  1  0
 15 17  1  0
 16 21  1  0
 17 18  1  0
 17 19  1  0
 19 20  1  0
 19 21  1  0
 21 22  1  0
 22 23  1  0
 22 31  1  0
 23 24  2  0
 24 25  1  0
 25 26  1  0
 25 31  2  0
 26 27  1  0
 26 28  2  0
 28 29  1  0
 29 30  2  0
 30 31  1  0
M  CHG  4   3  -1   4  -1   6  -1  10  -1
M  END
POSE 4
AGS
                    3D
 
 31 33  0  0  1  0            999 V2000
   28.0356   -2.5674  -10.8912 P   0  0  0  0  0  0
   29.1566   -1.0197  -10.5290 S   0  0  0  0  0  0
   27.7180   -2.6287  -12.4119 O   0  5  0  0  0  0
   26.7129   -2.4304  -10.0825 O   0  5  0  0  0  0
   29.8287   -4.5115  -11.4510 P   0  0  0  0  0  0
   29.1950   -5.1240  -12.6321 O   0  5  0  0  0  0
   30.5961   -5.5211  -10.6030 O   0  0  0  0  0  0
   28.7683   -3.8712  -10.4750 O   0  0  0  0  0  0
   31.3522   -3.4708  -13.3720 P   0  0  0  0  0  0
   30.6544   -2.4229  -14.1410 O   0  5  0  0  0  0
   31.1395   -4.9185  -13.8092 O   0  0  0  0  0  0
   30.8806   -3.4357  -11.8863 O   0  0  0  0  0  0
   32.8685   -3.0935  -13.2942 O   0  0  0  0  0  0
   33.3974   -2.6038  -12.0473 C   0  0  0  0  0  0
   34.4775   -1.5850  -12.3052 C   0  0  1  0  0  0
   35.5705   -1.7925  -11.3901 O   0  0  0  0  0  0
   35.1136   -1.6296  -13.6858 C   0  0  1  0  0  0
   35.6544   -0.3661  -14.0480 O   0  0  0  0  0  0
   36.2308   -2.6542  -13.4992 C   0  0  1  0  0  0
   37.3487   -2.3965  -14.3377 O   0  0  0  0  0  0
   36.6382   -2.4594  -12.0361 C   0  0  2  0  0  0
   36.8527   -3.7220  -11.3518 N   0  0  0  0  0  0
   36.0990   -4.2288  -10.3294 C   0  0  0  0  0  0
   36.4936   -5.4045   -9.9087 N   0  0  0  0  0  0
   37.5638   -5.7059  -10.7328 C   0  0  0  0  0  0
   38.4203   -6.8197  -10.8013 C   0  0  0  0  0  0
   38.3115   -7.8845  -10.0074 N   0  0  0  0  0  0
   39.3998   -6.8030  -11.7316 N   0  0  0  0  0  0
   39.5075   -5.7404  -12.5318 C   0  0  0  0  0  0
   38.7637   -4.6309  -12.5550 N   0  0  0  0  0  0
   37.7976   -4.6789  -11.6283 C   0  0  0  0  0  0
  1  2  2  0
  1  3  1  0
  1  4  1  0
  1  8  1  0
  5  6  1  0
  5  7  2  0
  5  8  1  0
  5 12  1  0
  9 10  1  0
  9 11  2  0
  9 12  1  0
  9 13  1  0
 13 14  1  0
 14 15  1  0
 15 16  1  0
 15 17  1  0
 16 21  1  0
 17 18  1  0
 17 19  1  0
 19 20  1  0
 19 21  1  0
 21 22  1  0
 22 23  1  0
 22 31  1  0
 23 24  2  0
 24 25  1  0
 25 26  1  0
 25 31  2  0
 26 27  1  0
 26 28  2  0
 28 29  1  0
 29 30  2  0
 30 31  1  0
M  CHG  4   3  -1   4  -1   6  -1  10  -1
M  END
POSE 5
AGS
                    3D
 
 31 33  0  0  1  0            999 V2000
   28.0356   -2.5674  -10.8912 P   0  0  0  0  0  0
   29.1566   -1.0197  -10.5290 S   0  0  0  0  0  0
   27.7180   -2.6287  -12.4119 O   0  5  0  0  0  0
   26.7129   -2.4304  -10.0825 O   0  5  0  0  0  0
   29.8287   -4.5115  -11.4510 P   0  0  0  0  0  0
   29.1950   -5.1240  -12.6321 O   0  5  0  0  0  0
   30.5961   -5.5211  -10.6030 O   0  0  0  0  0  0
   28.7683   -3.8712  -10.4750 O   0  0  0  0  0  0
   31.3522   -3.4708  -13.3720 P   0  0  0  0  0  0
   30.6544   -2.4229  -14.1410 O   0  5  0  0  0  0
   31.1395   -4.9185  -13.8092 O   0  0  0  0  0  0
   30.8806   -3.4357  -11.8863 O   0  0  0  0  0  0
   32.8685   -3.0935  -13.2942 O   0  0  0  0  0  0
   33.3974   -2.6038  -12.0473 C   0  0  0  0  0  0
   34.4775   -1.5850  -12.3052 C   0  0  1  0  0  0
   35.5705   -1.7925  -11.3901 O   0  0  0  0  0  0
   35.1136   -1.6296  -13.6858 C   0  0  1  0  0  0
   35.6544   -0.3661  -14.0480 O   0  0  0  0  0  0
   36.2308   -2.6542  -13.4992 C   0  0  1  0  0  0
   37.3487   -2.3965  -14.3377 O   0  0  0  0  0  0
   36.6382   -2.4594  -12.0361 C   0  0  2  0  0  0
   36.8527   -3.7220  -11.3518 N   0  0  0  0  0  0
   36.0990   -4.2288  -10.3294 C   0  0  0  0  0  0
   36.4936   -5.4045   -9.9087 N   0  0  0  0  0  0
   37.5638   -5.7059  -10.7328 C   0  0  0  0  0  0
   38.4203   -6.8197  -10.8013 C   0  0  0  0  0  0
   38.3115   -7.8845  -10.0074 N   0  0  0  0  0  0
   39.3998   -6.8030  -11.7316 N   0  0  0  0  0  0
   39.5075   -5.7404  -12.5318 C   0  0  0  0  0  0
   38.7637   -4.6309  -12.5550 N   0  0  0  0  0  0
   37.7976   -4.6789  -11.6283 C   0  0  0  0  0  0
  1  2  2  0
  1  3  1  0
  1  4  1  0
  1  8  1  0
  5  6  1  0
  5  7  2  0
  5  8  1  0
  5 12  1  0
  9 10  1  0
  9 11  2  0
  9 12  1  0
  9 13  1  0
 13 14  1  0
 14 15  1  0
 15 16  1  0
 15 17  1  0
 16 21  1  0
 17 18  1  0
 17 19  1  0
 19 20  1  0
 19 21  1  0
 21 22  1  0
 22 23  1  0
 22 31  1  0
 23 24  2  0
 24 25  1  0
 25 26  1  0
 25 31  2  0
 26 27  1  0
 26 28  2  0
 28 29  1  0
 29 30  2  0
 30 31  1  0
M  CHG  4   3  -1   4  -1   6  -1  10  -1
M  END
LIGAND 005 AGS
POSE 1
AGS
                    3D
 
 31 33  0  0  1  0            999 V2000
   -9.8729   27.6436   10.2020 P   0  0  0  0  0  0
  -11.7409   27.6557   10.7439 S   0  0  0  0  0  0
   -9.7141   28.4512    8.8831 O   0  5  0  0  0  0
   -9.4251   26.1706    9.9743 O   0  5  0  0  0  0
   -8.8743   29.8636   11.3777 P   0  0  0  0  0  0
   -8.0758   30.4143   10.2682 O   0  5  0  0  0  0
   -8.2641   30.1551   12.7452 O   0  0  0  0  0  0
   -8.9900   28.2927   11.3016 O   0  0  0  0  0  0
  -10.4970   31.8195   10.5803 P   0  0  0  0  0  0
  -11.1696   31.5105    9.3041 O   0  5  0  0  0  0
   -9.1031   32.4386   10.5047 O   0  0  0  0  0  0
  -10.3011   30.5095   11.4028 O   0  0  0  0  0  0
  -11.4751   32.6705   11.4559 O   0  0  0  0  0  0
  -12.1168   32.0457   12.5838 C   0  0  0  0  0  0
  -13.5003   32.6124   12.7743 C   0  0  1  0  0  0
  -13.7533   32.8168   14.1776 O   0  0  0  0  0  0
  -13.7547   33.9675   12.1328 C   0  0  1  0  0  0
  -15.1353   34.1577   11.8543 O   0  0  0  0  0  0
  -13.2911   34.9365   13.2185 C   0  0  1  0  0  0
  -14.0115   36.1612   13.1960 O   0  0  0  0  0  0
  -13.6100   34.1838   14.5133 C   0  0  2  0  0  0
  -12.5411   34.2921   15.4902 N   0  0  0  0  0  0
  -11.7443   33.2744   15.9367 C   0  0  0  0  0  0
  -10.8352   33.6497   16.8015 N   0  0  0  0  0  0
  -11.0281   35.0160   16.9083 C   0  0  0  0  0  0
  -10.3791   36.0060   17.6683 C   0  0  0  0  0  0
   -9.3517   35.7584   18.4800 N   0  0  0  0  0  0
  -10.8245   37.2766   17.5567 N   0  0  0  0  0  0
  -11.8497   37.5284   16.7401 C   0  0  0  0  0  0
  -12.5440   36.6765   15.9805 N   0  0  0  0  0  0
  -12.0758   35.4276   16.1058 C   0  0  0  0  0  0
  1  2  2  0
  1  3  1  0
  1  4  1  0
  1  8  1  0
  5  6  1  0
  5  7  2  0
  5  8  1  0
  5 12  1  0
  9 10  1  0
  9 11  2  0
  9 12  1  0
  9 13  1  0
 13 14  1  0
 14 15  1  0
 15 16  1  0
 15 17  1  0
 16 21  1  0
 17 18  1  0
 17 19  1  0
 19 20  1  0
 19 21  1  0
 21 22  1  0
 22 23  1  0
 22 31  1  0
 23 24  2  0
 24 25  1  0
 25 26  1  0
 25 31  2  0
 26 27  1  0
 26 28  2  0
 28 29  1  0
 29 30  2  0
 30 31  1  0
M  CHG  4   3  -1   4  -1   6  -1  10  -1
M  END
POSE 2
AGS
                    3D
 
 31 33  0  0  1  0            999 V2000
   -9.8729   27.6436   10.2020 P   0  0  0  0  0  0
  -11.7409   27.6557   10.7439 S   0  0  0  0  0  0
   -9.7141   28.4512    8.8831 O   0  5  0  0  0  0
   -9.4251   26.1706    9.9743 O   0  5  0  0  0  0
   -8.8743   29.8636   11.3777 P   0  0  0  0  0  0
   -8.0758   30.4143   10.2682 O   0  5  0  0  0  0
   -8.2641   30.1551   12.7452 O   0  0  0  0  0  0
   -8.9900   28.2927   11.3016 O   0  0  0  0  0  0
  -10.4970   31.8195   10.5803 P   0  0  0  0  0  0
  -11.1696   31.5105    9.3041 O   0  5  0  0  0  0
   -9.1031   32.4386   10.5047 O   0  0  0  0  0  0
  -10.3011   30.5095   11.4028 O   0  0  0  0  0  0
  -11.4751   32.6705   11.4559 O   0  0  0  0  0  0
  -12.1168   32.0457   12.5838 C   0  0  0  0  0  0
  -13.5003   32.6124   12.7743 C   0  0  1  0  0  0
  -13.7533   32.8168   14.1776 O   0  0  0  0  0  0
  -13.7547   33.9675   12.1328 C   0  0  1  0  0  0
  -15.1353   34.1577   11.8543 O   0  0  0  0  0  0
  -13.2911   34.9365   13.2185 C   0  0  1  0  0  0
  -14.0115   36.1612   13.1960 O   0  0  0  0  0  0
  -13.6100   34.1838   14.5133 C   0  0  2  0  0  0
  -12.5411   34.2921   15.4902 N   0  0  0  0  0  0
  -11.7443   33.2744   15.9367 C   0  0  0  0  0  0
  -10.8352   33.6497   16.8015 N   0  0  0  0  0  0
  -11.0281   35.0160   16.9083 C   0  0  0  0  0  0
  -10.3791   36.0060   17.6683 C   0  0  0  0  0  0
   -9.3517   35.7584   18.4800 N   0  0  0  0  0  0
  -10.8245   37.2766   17.5567 N   0  0  0  0  0  0
  -11.8497   37.5284   16.7401 C   0  0  0  0  0  0
  -12.5440   36.6765   15.9805 N   0  0  0  0  0  0
  -12.0758   35.4276   16.1058 C   0  0  0  0  0  0
  1  2  2  0
  1  3  1  0
  1  4  1  0
  1  8  1  0
  5  6  1  0
  5  7  2  0
  5  8  1  0
  5 12  1  0
  9 10  1  0
  9 11  2  0
  9 12  1  0
  9 13  1  0
 13 14  1  0
 14 15  1  0
 15 16  1  0
 15 17  1  0
 16 21  1  0
 17 18  1  0
 17 19  1  0
 19 20  1  0
 19 21  1  0
 21 22  1  0
 22 23  1  0
 22 31  1  0
 23 24  2  0
 24 25  1  0
 25 26  1  0
 25 31  2  0
 26 27  1  0
 26 28  2  0
 28 29  1  0
 29 30  2  0
 30 31  1  0
M  CHG  4   3  -1   4  -1   6  -1  10  -1
M  END
POSE 3
AGS
                    3D
 
 31 33  0  0  1  0            999 V2000
   -9.8729   27.6436   10.2020 P   0  0  0  0  0  0
  -11.7409   27.6557   10.7439 S   0  0  0  0  0  0
   -9.7141   28.4512    8.8831 O   0  5  0  0  0  0
   -9.4251   26.1706    9.9743 O   0  5  0  0  0  0
   -8.8743   29.8636   11.3777 P   0  0  0  0  0  0
   -8.0758   30.4143   10.2682 O   0  5  0  0  0  0
   -8.2641   30.1551   12.7452 O   0  0  0  0  0  0
   -8.9900   28.2927   11.3016 O   0  0  0  0  0  0
  -10.4970   31.8195   10.5803 P   0  0  0  0  0  0
  -11.1696   31.5105    9.3041 O   0  5  0  0  0  0
   -9.1031   32.4386   10.5047 O   0  0  0  0  0  0
  -10.3011   30.5095   11.4028 O   0  0  0  0  0  0
  -11.4751   32.6705   11.4559 O   0  0  0  0  0  0
  -12.1168   32.0457   12.5838 C   0  0  0  0  0  0
  -13.5003   32.6124   12.7743 C   0  0  1  0  0  0
  -13.7533   32.8168   14.1776 O   0  0  0  0  0  0
  -13.7547   33.9675   12.1328 C   0  0  1  0  0  0
  -15.1353   34.1577   11.8543 O   0  0  0  0  0  0
  -13.2911   34.9365   13.2185 C   0  0  1  0  0  0
  -14.0115   36.1612   13.1960 O   0  0  0  0  0  0
  -13.6100   34.1838   14.5133 C   0  0  2  0  0  0
  -12.5411   34.2921   15.4902 N   0  0  0  0  0  0
  -11.7443   33.2744   15.9367 C   0  0  0  0  0  0
  -10.8352   33.6497   16.8015 N   0  0  0  0  0  0
  -11.0281   35.0160   16.9083 C   0  0  0  0  0  0
  -10.3791   36.0060   17.6683 C   0  0  0  0  0  0
   -9.3517   35.7584   18.4800 N   0  0  0  0  0  0
  -10.8245   37.2766   17.5567 N   0  0  0  0  0  0
  -11.8497   37.5284   16.7401 C   0  0  0  0  0  0
  -12.5440   36.6765   15.9805 N   0  0  0  0  0  0
  -12.0758   35.4276   16.1058 C   0  0  0  0  0  0
  1  2  2  0
  1  3  1  0
  1  4  1  0
  1  8  1  0
  5  6  1  0
  5  7  2  0
  5  8  1  0
  5 12  1  0
  9 10  1  0
  9 11  2  0
  9 12  1  0
  9 13  1  0
 13 14  1  0
 14 15  1  0
 15 16  1  0
 15 17  1  0
 16 21  1  0
 17 18  1  0
 17 19  1  0
 19 20  1  0
 19 21  1  0
 21 22  1  0
 22 23  1  0
 22 31  1  0
 23 24  2  0
 24 25  1  0
 25 26  1  0
 25 31  2  0
 26 27  1  0
 26 28  2  0
 28 29  1  0
 29 30  2  0
 30 31  1  0
M  CHG  4   3  -1   4  -1   6  -1  10  -1
M  END
POSE 4
AGS
                    3D
 
 31 33  0  0  1  0            999 V2000
   -9.8729   27.6436   10.2020 P   0  0  0  0  0  0
  -11.7409   27.6557   10.7439 S   0  0  0  0  0  0
   -9.7141   28.4512    8.8831 O   0  5  0  0  0  0
   -9.4251   26.1706    9.9743 O   0  5  0  0  0  0
   -8.8743   29.8636   11.3777 P   0  0  0  0  0  0
   -8.0758   30.4143   10.2682 O   0  5  0  0  0  0
   -8.2641   30.1551   12.7452 O   0  0  0  0  0  0
   -8.9900   28.2927   11.3016 O   0  0  0  0  0  0
  -10.4970   31.8195   10.5803 P   0  0  0  0  0  0
  -11.1696   31.5105    9.3041 O   0  5  0  0  0  0
   -9.1031   32.4386   10.5047 O   0  0  0  0  0  0
  -10.3011   30.5095   11.4028 O   0  0  0  0  0  0
  -11.4751   32.6705   11.4559 O   0  0  0  0  0  0
  -12.1168   32.0457   12.5838 C   0  0  0  0  0  0
  -13.5003   32.6124   12.7743 C   0  0  1  0  0  0
  -13.7533   32.8168   14.1776 O   0  0  0  0  0  0
  -13.7547   33.9675   12.1328 C   0  0  1  0  0  0
  -15.1353   34.1577   11.8543 O   0  0  0  0  0  0
  -13.2911   34.9365   13.2185 C   0  0  1  0  0  0
  -14.0115   36.1612   13.1960 O   0  0  0  0  0  0
  -13.6100   34.1838   14.5133 C   0  0  2  0  0  0
  -12.5411   34.2921   15.4902 N   0  0  0  0  0  0
  -11.7443   33.2744   15.9367 C   0  0  0  0  0  0
  -10.8352   33.6497   16.8015 N   0  0  0  0  0  0
  -11.0281   35.0160   16.9083 C   0  0  0  0  0  0
  -10.3791   36.0060   17.6683 C   0  0  0  0  0  0
   -9.3517   35.7584   18.4800 N   0  0  0  0  0  0
  -10.8245   37.2766   17.5567 N   0  0  0  0  0  0
  -11.8497   37.5284   16.7401 C   0  0  0  0  0  0
  -12.5440   36.6765   15.9805 N   0  0  0  0  0  0
  -12.0758   35.4276   16.1058 C   0  0  0  0  0  0
  1  2  2  0
  1  3  1  0
  1  4  1  0
  1  8  1  0
  5  6  1  0
  5  7  2  0
  5  8  1  0
  5 12  1  0
  9 10  1  0
  9 11  2  0
  9 12  1  0
  9 13  1  0
 13 14  1  0
 14 15  1  0
 15 16  1  0
 15 17  1  0
 16 21  1  0
 17 18  1  0
 17 19  1  0
 19 20  1  0
 19 21  1  0
 21 22  1  0
 22 23  1  0
 22 31  1  0
 23 24  2  0
 24 25  1  0
 25 26  1  0
 25 31  2  0
 26 27  1  0
 26 28  2  0
 28 29  1  0
 29 30  2  0
 30 31  1  0
M  CHG  4   3  -1   4  -1   6  -1  10  -1
M  END
POSE 5
AGS
                    3D
 
 31 33  0  0  1  0            999 V2000
   -9.8729   27.6436   10.2020 P   0  0  0  0  0  0
  -11.7409   27.6557   10.7439 S   0  0  0  0  0  0
   -9.7141   28.4512    8.8831 O   0  5  0  0  0  0
   -9.4251   26.1706    9.9743 O   0  5  0  0  0  0
   -8.8743   29.8636   11.3777 P   0  0  0  0  0  0
   -8.0758   30.4143   10.2682 O   0  5  0  0  0  0
   -8.2641   30.1551   12.7452 O   0  0  0  0  0  0
   -8.9900   28.2927   11.3016 O   0  0  0  0  0  0
  -10.4970   31.8195   10.5803 P   0  0  0  0  0  0
  -11.1696   31.5105    9.3041 O   0  5  0  0  0  0
   -9.1031   32.4386   10.5047 O   0  0  0  0  0  0
  -10.3011   30.5095   11.4028 O   0  0  0  0  0  0
  -11.4751   32.6705   11.4559 O   0  0  0  0  0  0
  -12.1168   32.0457   12.5838 C   0  0  0  0  0  0
  -13.5003   32.6124   12.7743 C   0  0  1  0  0  0
  -13.7533   32.8168   14.1776 O   0  0  0  0  0  0
  -13.7547   33.9675   12.1328 C   0  0  1  0  0  0
  -15.1353   34.1577   11.8543 O   0  0  0  0  0  0
  -13.2911   34.9365   13.2185 C   0  0  1  0  0  0
  -14.0115   36.1612   13.1960 O   0  0  0  0  0  0
  -13.6100   34.1838   14.5133 C   0  0  2  0  0  0
  -12.5411   34.2921   15.4902 N   0  0  0  0  0  0
  -11.7443   33.2744   15.9367 C   0  0  0  0  0  0
  -10.8352   33.6497   16.8015 N   0  0  0  0  0  0
  -11.0281   35.0160   16.9083 C   0  0  0  0  0  0
  -10.3791   36.0060   17.6683 C   0  0  0  0  0  0
   -9.3517   35.7584   18.4800 N   0  0  0  0  0  0
  -10.8245   37.2766   17.5567 N   0  0  0  0  0  0
  -11.8497   37.5284   16.7401 C   0  0  0  0  0  0
  -12.5440   36.6765   15.9805 N   0  0  0  0  0  0
  -12.0758   35.4276   16.1058 C   0  0  0  0  0  0
  1  2  2  0
  1  3  1  0
  1  4  1  0
  1  8  1  0
  5  6  1  0
  5  7  2  0
  5  8  1  0
  5 12  1  0
  9 10  1  0
  9 11  2  0
  9 12  1  0
  9 13  1  0
 13 14  1  0
 14 15  1  0
 15 16  1  0
 15 17  1  0
 16 21  1  0
 17 18  1  0
 17 19  1  0
 19 20  1  0
 19 21  1  0
 21 22  1  0
 22 23  1  0
 22 31  1  0
 23 24  2  0
 24 25  1  0
 25 26  1  0
 25 31  2  0
 26 27  1  0
 26 28  2  0
 28 29  1  0
 29 30  2  0
 30 31  1  0
M  CHG  4   3  -1   4  -1   6  -1  10  -1
M  END
LIGAND 006 AGS
POSE 1
AGS
                    3D
 
 31 33  0  0  1  0            999 V2000
  -21.1252  -21.1109   -5.6008 P   0  0  0  0  0  0
  -20.3343  -22.7093   -6.3772 S   0  0  0  0  0  0
  -21.9581  -20.3700   -6.6846 O   0  5  0  0  0  0
  -19.9848  -20.1839   -5.0886 O   0  5  0  0  0  0
  -23.5282  -21.9777   -4.7164 P   0  0  0  0  0  0
  -24.3926  -20.8766   -5.1770 O   0  5  0  0  0  0
  -24.0145  -22.6040   -3.4132 O   0  0  0  0  0  0
  -22.0576  -21.4918   -4.4195 O   0  0  0  0  0  0
  -24.6370  -23.1334   -6.8447 P   0  0  0  0  0  0
  -24.1061  -22.6045   -8.1154 O   0  5  0  0  0  0
  -25.7880  -22.3686   -6.1948 O   0  0  0  0  0  0
  -23.5111  -23.1402   -5.7660 O   0  0  0  0  0  0
  -24.9732  -24.6479   -7.0469 O   0  0  0  0  0  0
  -24.1073  -25.6347   -6.4546 C   0  0  0  0  0  0
  -24.0325  -26.8558   -7.3347 C   0  0  1  0  0  0
  -24.0749  -28.0445   -6.5221 O   0  0  0  0  0  0
  -25.1699  -27.0253   -8.3298 C   0  0  1  0  0  0
  -24.7672  -27.8029   -9.4492 O   0  0  0  0  0  0
  -26.2157  -27.7757   -7.5077 C   0  0  1  0  0  0
  -27.0224  -28.6304   -8.3065 O   0  0  0  0  0  0
  -25.3657  -28.6230   -6.5567 C   0  0  2  0  0  0
  -25.8895  -28.6229   -5.2024 N   0  0  0  0  0  0
  -25.2917  -28.0742   -4.1016 C   0  0  0  0  0  0
  -25.9930  -28.1891   -3.0016 N   0  0  0  0  0  0
  -27.1473  -28.8319   -3.4138 C   0  0  0  0  0  0
  -28.2987  -29.2455   -2.7196 C   0  0  0  0  0  0
  -28.4867  -29.0444   -1.4158 N   0  0  0  0  0  0
  -29.2652  -29.8739   -3.4239 N   0  0  0  0  0  0
  -29.0821  -30.0716   -4.7310 C   0  0  0  0  0  0
  -28.0367  -29.7328   -5.4906 N   0  0  0  0  0  0
  -27.0991  -29.1058   -4.7681 C   0  0  0  0  0  0
  1  2  2  0
  1  3  1  0
  1  4  1  0
  1  8  1  0
  5  6  1  0
  5  7  2  0
  5  8  1  0
  5 12  1  0
  9 10  1  0
  9 11  2  0
  9 12  1  0
  9 13  1  0
 13 14  1  0
 14 15  1  0
 15 16  1  0
 15 17  1  0
 16 21  1  0
 17 18  1  0
 17 19  1  0
 19 20  1  0
 19 21  1  0
 21 22  1  0
 22 23  1  0
 22 31  1  0
 23 24  2  0
 24 25  1  0
 25 26  1  0
 25 31  2  0
 26 27  1  0
 26 28  2  0
 28 29  1  0
 29 30  2  0
 30 31  1  0
M  CHG  4   3  -1   4  -1   6  -1  10  -1
M  END
POSE 2
AGS
                    3D
 
 31 33  0  0  1  0            999 V2000
  -21.1252  -21.1109   -5.6008 P   0  0  0  0  0  0
  -20.3343  -22.7093   -6.3772 S   0  0  0  0  0  0
  -21.9581  -20.3700   -6.6846 O   0  5  0  0  0  0
  -19.9848  -20.1839   -5.0886 O   0  5  0  0  0  0
  -23.5282  -21.9777   -4.7164 P   0  0  0  0  0  0
  -24.3926  -20.8766   -5.1770 O   0  5  0  0  0  0
  -24.0145  -22.6040   -3.4132 O   0  0  0  0  0  0
  -22.0576  -21.4918   -4.4195 O   0  0  0  0  0  0
  -24.6370  -23.1334   -6.8447 P   0  0  0  0  0  0
  -24.1061  -22.6045   -8.1154 O   0  5  0  0  0  0
  -25.7880  -22.3686   -6.1948 O   0  0  0  0  0  0
  -23.5111  -23.1402   -5.7660 O   0  0  0  0  0  0
  -24.9732  -24.6479   -7.0469 O   0  0  0  0  0  0
  -24.1073  -25.6347   -6.4546 C   0  0  0  0  0  0
  -24.0325  -26.8558   -7.3347 C   0  0  1  0  0  0
  -24.0749  -28.0445   -6.5221 O   0  0  0  0  0  0
  -25.1699  -27.0253   -8.3298 C   0  0  1  0  0  0
  -24.7672  -27.8029   -9.4492 O   0  0  0  0  0  0
  -26.2157  -27.7757   -7.5077 C   0  0  1  0  0  0
  -27.0224  -28.6304   -8.3065 O   0  0  0  0  0  0
  -25.3657  -28.6230   -6.5567 C   0  0  2  0  0  0
  -25.8895  -28.6229   -5.2024 N   0  0  0  0  0  0
  -25.2917  -28.0742   -4.1016 C   0  0  0  0  0  0
  -25.9930  -28.1891   -3.0016 N   0  0  0  0  0  0
  -27.1473  -28.8319   -3.4138 C   0  0  0  0  0  0
  -28.2987  -29.2455   -2.7196 C   0  0  0  0  0  0
  -28.4867  -29.0444   -1.4158 N   0  0  0  0  0  0
  -29.2652  -29.8739   -3.4239 N   0  0  0  0  0  0
  -29.0821  -30.0716   -4.7310 C   0  0  0  0  0  0
  -28.0367  -29.7328   -5.4906 N   0  0  0  0  0  0
  -27.0991  -29.1058   -4.7681 C   0  0  0  0  0  0
  1  2  2  0
  1  3  1  0
  1  4  1  0
  1  8  1  0
  5  6  1  0
  5  7  2  0
  5  8  1  0
  5 12  1  0
  9 10  1  0
  9 11  2  0
  9 12  1  0
  9 13  1  0
 13 14  1  0
 14 15  1  0
 15 16  1  0
 15 17  1  0
 16 21  1  0
 17 18  1  0
 17 19  1  0
 19 20  1  0
 19 21  1  0
 21 22  1  0
 22 23  1  0
 22 31  1  0
 23 24  2  0
 24 25  1  0
 25 26  1  0
 25 31  2  0
 26 27  1  0
 26 28  2  0
 28 29  1  0
 29 30  2  0
 30 31  1  0
M  CHG  4   3  -1   4  -1   6  -1  10  -1
M  END
POSE 3
AGS
                    3D
 
 31 33  0  0  1  0            999 V2000
  -21.1252  -21.1109   -5.6008 P   0  0  0  0  0  0
  -20.3343  -22.7093   -6.3772 S   0  0  0  0  0  0
  -21.9581  -20.3700   -6.6846 O   0  5  0  0  0  0
  -19.9848  -20.1839   -5.0886 O   0  5  0  0  0  0
  -23.5282  -21.9777   -4.7164 P   0  0  0  0  0  0
  -24.3926  -20.8766   -5.1770 O   0  5  0  0  0  0
  -24.0145  -22.6040   -3.4132 O   0  0  0  0  0  0
  -22.0576  -21.4918   -4.4195 O   0  0  0  0  0  0
  -24.6370  -23.1334   -6.8447 P   0  0  0  0  0  0
  -24.1061  -22.6045   -8.1154 O   0  5  0  0  0  0
  -25.7880  -22.3686   -6.1948 O   0  0  0  0  0  0
  -23.5111  -23.1402   -5.7660 O   0  0  0  0  0  0
  -24.9732  -24.6479   -7.0469 O   0  0  0  0  0  0
  -24.1073  -25.6347   -6.4546 C   0  0  0  0  0  0
  -24.0325  -26.8558   -7.3347 C   0  0  1  0  0  0
  -24.0749  -28.0445   -6.5221 O   0  0  0  0  0  0
  -25.1699  -27.0253   -8.3298 C   0  0  1  0  0  0
  -24.7672  -27.8029   -9.4492 O   0  0  0  0  0  0
  -26.2157  -27.7757   -7.5077 C   0  0  1  0  0  0
  -27.0224  -28.6304   -8.3065 O   0  0  0  0  0  0
  -25.3657  -28.6230   -6.5567 C   0  0  2  0  0  0
  -25.8895  -28.6229   -5.2024 N   0  0  0  0  0  0
  -25.2917  -28.0742   -4.1016 C   0  0  0  0  0  0
  -25.9930  -28.1891   -3.0016 N   0  0  0  0  0  0
  -27.1473  -28.8319   -3.4138 C   0  0  0  0  0  0
  -28.2987  -29.2455   -2.7196 C   0  0  0  0  0  0
  -28.4867  -29.0444   -1.4158 N   0  0  0  0  0  0
  -29.2652  -29.8739   -3.4239 N   0  0  0  0  0  0
  -29.0821  -30.0716   -4.7310 C   0  0  0  0  0  0
  -28.0367  -29.7328   -5.4906 N   0  0  0  0  0  0
  -27.0991  -29.1058   -4.7681 C   0  0  0  0  0  0
  1  2  2  0
  1  3  1  0
  1  4  1  0
  1  8  1  0
  5  6  1  0
  5  7  2  0
  5  8  1  0
  5 12  1  0
  9 10  1  0
  9 11  2  0
  9 12  1  0
  9 13  1  0
 13 14  1  0
 14 15  1  0
 15 16  1  0
 15 17  1  0
 16 21  1  0
 17 18  1  0
 17 19  1  0
 19 20  1  0
 19 21  1  0
 21 22  1  0
 22 23  1  0
 22 31  1  0
 23 24  2  0
 24 25  1  0
 25 26  1  0
 25 31  2  0
 26 27  1  0
 26 28  2  0
 28 29  1  0
 29 30  2  0
 30 31  1  0
M  CHG  4   3  -1   4  -1   6  -1  10  -1
M  END
POSE 4
AGS
                    3D
 
 31 33  0  0  1  0            999 V2000
  -21.1252  -21.1109   -5.6008 P   0  0  0  0  0  0
  -20.3343  -22.7093   -6.3772 S   0  0  0  0  0  0
  -21.9581  -20.3700   -6.6846 O   0  5  0  0  0  0
  -19.9848  -20.1839   -5.0886 O   0  5  0  0  0  0
  -23.5282  -21.9777   -4.7164 P   0  0  0  0  0  0
  -24.3926  -20.8766   -5.1770 O   0  5  0  0  0  0
  -24.0145  -22.6040   -3.4132 O   0  0  0  0  0  0
  -22.0576  -21.4918   -4.4195 O   0  0  0  0  0  0
  -24.6370  -23.1334   -6.8447 P   0  0  0  0  0  0
  -24.1061  -22.6045   -8.1154 O   0  5  0  0  0  0
  -25.7880  -22.3686   -6.1948 O   0  0  0  0  0  0
  -23.5111  -23.1402   -5.7660 O   0  0  0  0  0  0
  -24.9732  -24.6479   -7.0469 O   0  0  0  0  0  0
  -24.1073  -25.6347   -6.4546 C   0  0  0  0  0  0
  -24.0325  -26.8558   -7.3347 C   0  0  1  0  0  0
  -24.0749  -28.0445   -6.5221 O   0  0  0  0  0  0
  -25.1699  -27.0253   -8.3298 C   0  0  1  0  0  0
  -24.7672  -27.8029   -9.4492 O   0  0  0  0  0  0
  -26.2157  -27.7757   -7.5077 C   0  0  1  0  0  0
  -27.0224  -28.6304   -8.3065 O   0  0  0  0  0  0
  -25.3657  -28.6230   -6.5567 C   0  0  2  0  0  0
  -25.8895  -28.6229   -5.2024 N   0  0  0  0  0  0
  -25.2917  -28.0742   -4.1016 C   0  0  0  0  0  0
  -25.9930  -28.1891   -3.0016 N   0  0  0  0  0  0
  -27.1473  -28.8319   -3.4138 C   0  0  0  0  0  0
  -28.2987  -29.2455   -2.7196 C   0  0  0  0  0  0
  -28.4867  -29.0444   -1.4158 N   0  0  0  0  0  0
  -29.2652  -29.8739   -3.4239 N   0  0  0  0  0  0
  -29.0821  -30.0716   -4.7310 C   0  0  0  0  0  0
  -28.0367  -29.7328   -5.4906 N   0  0  0  0  0  0
  -27.0991  -29.1058   -4.7681 C   0  0  0  0  0  0
  1  2  2  0
  1  3  1  0
  1  4  1  0
  1  8  1  0
  5  6  1  0
  5  7  2  0
  5  8  1  0
  5 12  1  0
  9 10  1  0
  9 11  2  0
  9 12  1  0
  9 13  1  0
 13 14  1  0
 14 15  1  0
 15 16  1  0
 15 17  1  0
 16 21  1  0
 17 18  1  0
 17 19  1  0
 19 20  1  0
 19 21  1  0
 21 22  1  0
 22 23  1  0
 22 31  1  0
 23 24  2  0
 24 25  1  0
 25 26  1  0
 25 31  2  0
 26 27  1  0
 26 28  2  0
 28 29  1  0
 29 30  2  0
 30 31  1  0
M  CHG  4   3  -1   4  -1   6  -1  10  -1
M  END
POSE 5
AGS
                    3D
 
 31 33  0  0  1  0            999 V2000
  -21.1252  -21.1109   -5.6008 P   0  0  0  0  0  0
  -20.3343  -22.7093   -6.3772 S   0  0  0  0  0  0
  -21.9581  -20.3700   -6.6846 O   0  5  0  0  0  0
  -19.9848  -20.1839   -5.0886 O   0  5  0  0  0  0
  -23.5282  -21.9777   -4.7164 P   0  0  0  0  0  0
  -24.3926  -20.8766   -5.1770 O   0  5  0  0  0  0
  -24.0145  -22.6040   -3.4132 O   0  0  0  0  0  0
  -22.0576  -21.4918   -4.4195 O   0  0  0  0  0  0
  -24.6370  -23.1334   -6.8447 P   0  0  0  0  0  0
  -24.1061  -22.6045   -8.1154 O   0  5  0  0  0  0
  -25.7880  -22.3686   -6.1948 O   0  0  0  0  0  0
  -23.5111  -23.1402   -5.7660 O   0  0  0  0  0  0
  -24.9732  -24.6479   -7.0469 O   0  0  0  0  0  0
  -24.1073  -25.6347   -6.4546 C   0  0  0  0  0  0
  -24.0325  -26.8558   -7.3347 C   0  0  1  0  0  0
  -24.0749  -28.0445   -6.5221 O   0  0  0  0  0  0
  -25.1699  -27.0253   -8.3298 C   0  0  1  0  0  0
  -24.7672  -27.8029   -9.4492 O   0  0  0  0  0  0
  -26.2157  -27.7757   -7.5077 C   0  0  1  0  0  0
  -27.0224  -28.6304   -8.3065 O   0  0  0  0  0  0
  -25.3657  -28.6230   -6.5567 C   0  0  2  0  0  0
  -25.8895  -28.6229   -5.2024 N   0  0  0  0  0  0
  -25.2917  -28.0742   -4.1016 C   0  0  0  0  0  0
  -25.9930  -28.1891   -3.0016 N   0  0  0  0  0  0
  -27.1473  -28.8319   -3.4138 C   0  0  0  0  0  0
  -28.2987  -29.2455   -2.7196 C   0  0  0  0  0  0
  -28.4867  -29.0444   -1.4158 N   0  0  0  0  0  0
  -29.2652  -29.8739   -3.4239 N   0  0  0  0  0  0
  -29.0821  -30.0716   -4.7310 C   0  0  0  0  0  0
  -28.0367  -29.7328   -5.4906 N   0  0  0  0  0  0
  -27.0991  -29.1058   -4.7681 C   0  0  0  0  0  0
  1  2  2  0
  1  3  1  0
  1  4  1  0
  1  8  1  0
  5  6  1  0
  5  7  2  0
  5  8  1  0
  5 12  1  0
  9 10  1  0
  9 11  2  0
  9 12  1  0
  9 13  1  0
 13 14  1  0
 14 15  1  0
 15 16  1  0
 15 17  1  0
 16 21  1  0
 17 18  1  0
 17 19  1  0
 19 20  1  0
 19 21  1  0
 21 22  1  0
 22 23  1  0
 22 31  1  0
 23 24  2  0
 24 25  1  0
 25 26  1  0
 25 31  2  0
 26 27  1  0
 26 28  2  0
 28 29  1  0
 29 30  2  0
 30 31  1  0
M  CHG  4   3  -1   4  -1   6  -1  10  -1
M  END
LIGAND 007  MG
POSE 1
 MG
                    3D
 
  1  0  0  0  1  0            999 V2000
   28.9327   -3.5168  -13.8905 Mg  0  2  0  0  0  0
M  CHG  1   1   2
M  END
POSE 2
 MG
                    3D
 
  1  0  0  0  1  0            999 V2000
   28.9327   -3.5168  -13.8905 Mg  0  2  0  0  0  0
M  CHG  1   1   2
M  END
POSE 3
 MG
                    3D
 
  1  0  0  0  1  0            999 V2000
   28.9327   -3.5168  -13.8905 Mg  0  2  0  0  0  0
M  CHG  1   1   2
M  END
POSE 4
 MG
                    3D
 
  1  0  0  0  1  0            999 V2000
   28.9327   -3.5168  -13.8905 Mg  0  2  0  0  0  0
M  CHG  1   1   2
M  END
POSE 5
 MG
                    3D
 
  1  0  0  0  1  0            999 V2000
   28.9327   -3.5168  -13.8905 Mg  0  2  0  0  0  0
M  CHG  1   1   2
M  END
LIGAND 008  MG
POSE 1
 MG
                    3D
 
  1  0  0  0  1  0            999 V2000
   -9.4485   30.5392    8.7400 Mg  0  2  0  0  0  0
M  CHG  1   1   2
M  END
POSE 2
 MG
                    3D
 
  1  0  0  0  1  0            999 V2000
   -9.4485   30.5392    8.7400 Mg  0  2  0  0  0  0
M  CHG  1   1   2
M  END
POSE 3
 MG
                    3D
 
  1  0  0  0  1  0            999 V2000
   -9.4485   30.5392    8.7400 Mg  0  2  0  0  0  0
M  CHG  1   1   2
M  END
POSE 4
 MG
                    3D
 
  1  0  0  0  1  0            999 V2000
   -9.4485   30.5392    8.7400 Mg  0  2  0  0  0  0
M  CHG  1   1   2
M  END
POSE 5
 MG
                    3D
 
  1  0  0  0  1  0            999 V2000
   -9.4485   30.5392    8.7400 Mg  0  2  0  0  0  0
M  CHG  1   1   2
M  END
LIGAND 009  MG
POSE 1
 MG
                    3D
 
  1  0  0  0  1  0            999 V2000
  -23.9662  -20.7760   -7.1878 Mg  0  2  0  0  0  0
M  CHG  1   1   2
M  END
POSE 2
 MG
                    3D
 
  1  0  0  0  1  0            999 V2000
  -23.9662  -20.7760   -7.1878 Mg  0  2  0  0  0  0
M  CHG  1   1   2
M  END
POSE 3
 MG
                    3D
 
  1  0  0  0  1  0            999 V2000
  -23.9662  -20.7760   -7.1878 Mg  0  2  0  0  0  0
M  CHG  1   1   2
M  END
POSE 4
 MG
                    3D
 
  1  0  0  0  1  0            999 V2000
  -23.9662  -20.7760   -7.1878 Mg  0  2  0  0  0  0
M  CHG  1   1   2
M  END
POSE 5
 MG
                    3D
 
  1  0  0  0  1  0            999 V2000
  -23.9662  -20.7760   -7.1878 Mg  0  2  0  0  0  0
M  CHG  1   1   2
M  END
END
