PFRMAT LG
TARGET R1117v2
MODEL 1
LIGAND 001 PRF
POSE 1
PRF
                    3D
 
 13 14  0  0  1  0            999 V2000
   -7.0950   -7.5790  -10.8300 N   0  0  0  0  0  0
   -7.0610   -8.8490  -11.3400 C   0  0  0  0  0  0
   -6.5210   -9.1100  -12.5200 N   0  0  0  0  0  0
   -5.9750   -8.1280  -13.2820 C   0  0  0  0  0  0
   -5.9800   -6.7950  -12.8110 C   0  0  0  0  0  0
   -6.5630   -6.5310  -11.5360 C   0  0  0  0  0  0
   -6.5920   -5.4010  -11.0850 O   0  0  0  0  0  0
   -5.3300   -5.9920  -13.8440 C   0  0  0  0  0  0
   -5.0790   -4.4960  -13.8240 C   0  0  0  0  0  0
   -3.9400   -4.1800  -12.9380 N   0  3  0  0  0  0
   -4.9930   -6.8420  -14.8270 C   0  0  0  0  0  0
   -5.3740   -8.1180  -14.4960 N   0  0  0  0  0  0
   -7.5920   -9.8690  -10.6100 N   0  0  0  0  0  0
  1  2  1  0
  1  6  1  0
  2  3  2  0
  2 13  1  0
  3  4  1  0
  4  5  2  0
  4 12  1  0
  5  6  1  0
  5  8  1  0
  6  7  2  0
  8  9  1  0
  8 11  2  0
  9 10  1  0
 11 12  1  0
M  CHG  1  10   1
M  END
POSE 2
PRF
                    3D
 
 13 14  0  0  1  0            999 V2000
   -8.1280   -8.1040  -12.0820 N   0  0  0  0  0  0
   -7.9090   -9.4070  -12.5640 C   0  0  0  0  0  0
   -7.2360   -9.7290  -13.6950 N   0  0  0  0  0  0
   -6.7690   -8.6020  -14.3630 C   0  0  0  0  0  0
   -6.9520   -7.2710  -13.9690 C   0  0  0  0  0  0
   -7.6470   -6.9600  -12.7910 C   0  0  0  0  0  0
   -7.8580   -5.8470  -12.3330 O   0  0  0  0  0  0
   -6.3280   -6.4230  -14.9130 C   0  0  0  0  0  0
   -6.2970   -4.9390  -14.7970 C   0  0  0  0  0  0
   -5.7660   -4.3280  -16.0240 N   0  3  0  0  0  0
   -5.7770   -7.2500  -15.8780 C   0  0  0  0  0  0
   -6.0500   -8.6010  -15.5450 N   0  0  0  0  0  0
   -8.4020  -10.4470  -11.7870 N   0  0  0  0  0  0
  1  2  1  0
  1  6  1  0
  2  3  2  0
  2 13  1  0
  3  4  1  0
  4  5  2  0
  4 12  1  0
  5  6  1  0
  5  8  1  0
  6  7  2  0
  8  9  1  0
  8 11  2  0
  9 10  1  0
 11 12  1  0
M  CHG  1  10   1
M  END
POSE 3
PRF
                    3D
 
 13 14  0  0  1  0            999 V2000
   -7.0950   -7.5790  -10.8300 N   0  0  0  0  0  0
   -7.0610   -8.8490  -11.3400 C   0  0  0  0  0  0
   -6.5210   -9.1100  -12.5200 N   0  0  0  0  0  0
   -5.9750   -8.1280  -13.2820 C   0  0  0  0  0  0
   -5.9800   -6.7950  -12.8110 C   0  0  0  0  0  0
   -6.5630   -6.5310  -11.5360 C   0  0  0  0  0  0
   -6.5920   -5.4010  -11.0850 O   0  0  0  0  0  0
   -5.3300   -5.9920  -13.8440 C   0  0  0  0  0  0
   -5.0790   -4.4960  -13.8240 C   0  0  0  0  0  0
   -3.9400   -4.1800  -12.9380 N   0  3  0  0  0  0
   -4.9930   -6.8420  -14.8270 C   0  0  0  0  0  0
   -5.3740   -8.1180  -14.4960 N   0  0  0  0  0  0
   -7.5920   -9.8690  -10.6100 N   0  0  0  0  0  0
  1  2  1  0
  1  6  1  0
  2  3  2  0
  2 13  1  0
  3  4  1  0
  4  5  2  0
  4 12  1  0
  5  6  1  0
  5  8  1  0
  6  7  2  0
  8  9  1  0
  8 11  2  0
  9 10  1  0
 11 12  1  0
M  CHG  1  10   1
M  END
POSE 4
PRF
                    3D
 
 13 14  0  0  1  0            999 V2000
   -7.0950   -7.5790  -10.8300 N   0  0  0  0  0  0
   -7.0610   -8.8490  -11.3400 C   0  0  0  0  0  0
   -6.5210   -9.1100  -12.5200 N   0  0  0  0  0  0
   -5.9750   -8.1280  -13.2820 C   0  0  0  0  0  0
   -5.9800   -6.7950  -12.8110 C   0  0  0  0  0  0
   -6.5630   -6.5310  -11.5360 C   0  0  0  0  0  0
   -6.5920   -5.4010  -11.0850 O   0  0  0  0  0  0
   -5.3300   -5.9920  -13.8440 C   0  0  0  0  0  0
   -5.0790   -4.4960  -13.8240 C   0  0  0  0  0  0
   -3.9400   -4.1800  -12.9380 N   0  3  0  0  0  0
   -4.9930   -6.8420  -14.8270 C   0  0  0  0  0  0
   -5.3740   -8.1180  -14.4960 N   0  0  0  0  0  0
   -7.5920   -9.8690  -10.6100 N   0  0  0  0  0  0
  1  2  1  0
  1  6  1  0
  2  3  2  0
  2 13  1  0
  3  4  1  0
  4  5  2  0
  4 12  1  0
  5  6  1  0
  5  8  1  0
  6  7  2  0
  8  9  1  0
  8 11  2  0
  9 10  1  0
 11 12  1  0
M  CHG  1  10   1
M  END
POSE 5
PRF
                    3D
 
 13 14  0  0  1  0            999 V2000
   -8.1280   -8.1040  -12.0820 N   0  0  0  0  0  0
   -7.9090   -9.4070  -12.5640 C   0  0  0  0  0  0
   -7.2360   -9.7290  -13.6950 N   0  0  0  0  0  0
   -6.7690   -8.6020  -14.3630 C   0  0  0  0  0  0
   -6.9520   -7.2710  -13.9690 C   0  0  0  0  0  0
   -7.6470   -6.9600  -12.7910 C   0  0  0  0  0  0
   -7.8580   -5.8470  -12.3330 O   0  0  0  0  0  0
   -6.3280   -6.4230  -14.9130 C   0  0  0  0  0  0
   -6.2970   -4.9390  -14.7970 C   0  0  0  0  0  0
   -5.7660   -4.3280  -16.0240 N   0  3  0  0  0  0
   -5.7770   -7.2500  -15.8780 C   0  0  0  0  0  0
   -6.0500   -8.6010  -15.5450 N   0  0  0  0  0  0
   -8.4020  -10.4470  -11.7870 N   0  0  0  0  0  0
  1  2  1  0
  1  6  1  0
  2  3  2  0
  2 13  1  0
  3  4  1  0
  4  5  2  0
  4 12  1  0
  5  6  1  0
  5  8  1  0
  6  7  2  0
  8  9  1  0
  8 11  2  0
  9 10  1  0
 11 12  1  0
M  CHG  1  10   1
M  END
END
