PFRMAT LG
TARGET R1136
MODEL 1
LIGAND 001 1TU
POSE 1
1TU
                    3D
 
 18 19  0  0  1  0            999 V2000
  -85.9520  -38.0280 -132.1600 C   0  0  0  0  0  0
  -85.7210  -36.8960 -131.3790 C   0  0  0  0  0  0
  -84.6190  -36.0710 -131.5970 C   0  0  0  0  0  0
  -83.7030  -36.3350 -132.5990 C   0  0  0  0  0  0
  -83.9000  -37.5240 -133.4500 C   0  0  0  0  0  0
  -85.0860  -38.3830 -133.1860 C   0  0  0  0  0  0
  -86.6930  -36.5930 -130.3000 C   0  0  0  0  0  0
  -86.6330  -35.4390 -129.3610 C   0  0  0  0  0  0
  -85.9900  -33.6070 -128.3460 C   0  0  0  0  0  0
  -88.6130  -35.7340 -127.9470 O   0  0  0  0  0  0
  -87.5570  -35.0790 -128.2790 C   0  0  0  0  0  0
  -87.1300  -33.9670 -127.6910 N   0  0  0  0  0  0
  -87.7740  -33.2700 -126.5490 C   0  0  0  0  0  0
  -85.1690  -32.3900 -127.9980 C   0  0  0  0  0  0
  -85.6780  -34.4870 -129.3590 N   0  0  0  0  0  0
  -85.3260  -39.4860 -133.9190 F   0  0  0  0  0  0
  -83.0300  -37.7900 -134.4150 O   0  0  0  0  0  0
  -82.6510  -35.5230 -132.7980 F   0  0  0  0  0  0
  1  2  1  0
  1  6  2  0
  2  3  2  0
  2  7  1  0
  3  4  1  0
  4  5  2  0
  4 18  1  0
  5  6  1  0
  5 17  1  0
  6 16  1  0
  7  8  1  0
  8 11  2  0
  8 15  1  0
  9 12  1  0
  9 14  1  0
  9 15  2  0
 10 11  1  0
 11 12  1  0
 12 13  1  0
M  END
POSE 2
1TU
                    3D
 
 18 19  0  0  1  0            999 V2000
  -83.5500  -35.9050 -128.1260 C   0  0  0  0  0  0
  -84.7050  -36.5430 -127.9180 C   0  0  0  0  0  0
  -85.2550  -37.5080 -128.9470 C   0  0  0  0  0  0
  -84.5890  -37.7220 -130.1000 C   0  0  0  0  0  0
  -83.2970  -36.9950 -130.3440 C   0  0  0  0  0  0
  -82.7970  -36.1390 -129.4010 C   0  0  0  0  0  0
  -85.5150  -36.3710 -126.6600 C   0  0  0  0  0  0
  -85.1520  -35.2410 -125.7150 C   0  0  0  0  0  0
  -84.2830  -33.5300 -124.5780 C   0  0  0  0  0  0
  -87.1850  -35.5600 -124.3930 O   0  0  0  0  0  0
  -85.9920  -34.9350 -124.6870 C   0  0  0  0  0  0
  -85.4830  -33.9060 -123.9740 N   0  0  0  0  0  0
  -86.1120  -33.3320 -122.8420 C   0  0  0  0  0  0
  -83.3920  -32.4270 -124.0680 C   0  0  0  0  0  0
  -84.0800  -34.3620 -125.6320 N   0  0  0  0  0  0
  -81.6400  -35.4810 -129.5550 F   0  0  0  0  0  0
  -82.6200  -37.2340 -131.5310 O   0  0  0  0  0  0
  -85.0470  -38.5770 -131.0170 F   0  0  0  0  0  0
  1  2  1  0
  1  6  2  0
  2  3  2  0
  2  7  1  0
  3  4  1  0
  4  5  2  0
  4 18  1  0
  5  6  1  0
  5 17  1  0
  6 16  1  0
  7  8  1  0
  8 11  2  0
  8 15  1  0
  9 12  1  0
  9 14  1  0
  9 15  2  0
 10 11  1  0
 11 12  1  0
 12 13  1  0
M  END
POSE 3
1TU
                    3D
 
 18 19  0  0  1  0            999 V2000
  -85.9520  -38.0280 -132.1600 C   0  0  0  0  0  0
  -85.7210  -36.8960 -131.3790 C   0  0  0  0  0  0
  -84.6190  -36.0710 -131.5970 C   0  0  0  0  0  0
  -83.7030  -36.3350 -132.5990 C   0  0  0  0  0  0
  -83.9000  -37.5240 -133.4500 C   0  0  0  0  0  0
  -85.0860  -38.3830 -133.1860 C   0  0  0  0  0  0
  -86.6930  -36.5930 -130.3000 C   0  0  0  0  0  0
  -86.6330  -35.4390 -129.3610 C   0  0  0  0  0  0
  -85.9900  -33.6070 -128.3460 C   0  0  0  0  0  0
  -88.6130  -35.7340 -127.9470 O   0  0  0  0  0  0
  -87.5570  -35.0790 -128.2790 C   0  0  0  0  0  0
  -87.1300  -33.9670 -127.6910 N   0  0  0  0  0  0
  -87.7740  -33.2700 -126.5490 C   0  0  0  0  0  0
  -85.1690  -32.3900 -127.9980 C   0  0  0  0  0  0
  -85.6780  -34.4870 -129.3590 N   0  0  0  0  0  0
  -85.3260  -39.4860 -133.9190 F   0  0  0  0  0  0
  -83.0300  -37.7900 -134.4150 O   0  0  0  0  0  0
  -82.6510  -35.5230 -132.7980 F   0  0  0  0  0  0
  1  2  1  0
  1  6  2  0
  2  3  2  0
  2  7  1  0
  3  4  1  0
  4  5  2  0
  4 18  1  0
  5  6  1  0
  5 17  1  0
  6 16  1  0
  7  8  1  0
  8 11  2  0
  8 15  1  0
  9 12  1  0
  9 14  1  0
  9 15  2  0
 10 11  1  0
 11 12  1  0
 12 13  1  0
M  END
POSE 4
1TU
                    3D
 
 18 19  0  0  1  0            999 V2000
  -85.9520  -38.0280 -132.1600 C   0  0  0  0  0  0
  -85.7210  -36.8960 -131.3790 C   0  0  0  0  0  0
  -84.6190  -36.0710 -131.5970 C   0  0  0  0  0  0
  -83.7030  -36.3350 -132.5990 C   0  0  0  0  0  0
  -83.9000  -37.5240 -133.4500 C   0  0  0  0  0  0
  -85.0860  -38.3830 -133.1860 C   0  0  0  0  0  0
  -86.6930  -36.5930 -130.3000 C   0  0  0  0  0  0
  -86.6330  -35.4390 -129.3610 C   0  0  0  0  0  0
  -85.9900  -33.6070 -128.3460 C   0  0  0  0  0  0
  -88.6130  -35.7340 -127.9470 O   0  0  0  0  0  0
  -87.5570  -35.0790 -128.2790 C   0  0  0  0  0  0
  -87.1300  -33.9670 -127.6910 N   0  0  0  0  0  0
  -87.7740  -33.2700 -126.5490 C   0  0  0  0  0  0
  -85.1690  -32.3900 -127.9980 C   0  0  0  0  0  0
  -85.6780  -34.4870 -129.3590 N   0  0  0  0  0  0
  -85.3260  -39.4860 -133.9190 F   0  0  0  0  0  0
  -83.0300  -37.7900 -134.4150 O   0  0  0  0  0  0
  -82.6510  -35.5230 -132.7980 F   0  0  0  0  0  0
  1  2  1  0
  1  6  2  0
  2  3  2  0
  2  7  1  0
  3  4  1  0
  4  5  2  0
  4 18  1  0
  5  6  1  0
  5 17  1  0
  6 16  1  0
  7  8  1  0
  8 11  2  0
  8 15  1  0
  9 12  1  0
  9 14  1  0
  9 15  2  0
 10 11  1  0
 11 12  1  0
 12 13  1  0
M  END
POSE 5
1TU
                    3D
 
 18 19  0  0  1  0            999 V2000
  -83.5500  -35.9050 -128.1260 C   0  0  0  0  0  0
  -84.7050  -36.5430 -127.9180 C   0  0  0  0  0  0
  -85.2550  -37.5080 -128.9470 C   0  0  0  0  0  0
  -84.5890  -37.7220 -130.1000 C   0  0  0  0  0  0
  -83.2970  -36.9950 -130.3440 C   0  0  0  0  0  0
  -82.7970  -36.1390 -129.4010 C   0  0  0  0  0  0
  -85.5150  -36.3710 -126.6600 C   0  0  0  0  0  0
  -85.1520  -35.2410 -125.7150 C   0  0  0  0  0  0
  -84.2830  -33.5300 -124.5780 C   0  0  0  0  0  0
  -87.1850  -35.5600 -124.3930 O   0  0  0  0  0  0
  -85.9920  -34.9350 -124.6870 C   0  0  0  0  0  0
  -85.4830  -33.9060 -123.9740 N   0  0  0  0  0  0
  -86.1120  -33.3320 -122.8420 C   0  0  0  0  0  0
  -83.3920  -32.4270 -124.0680 C   0  0  0  0  0  0
  -84.0800  -34.3620 -125.6320 N   0  0  0  0  0  0
  -81.6400  -35.4810 -129.5550 F   0  0  0  0  0  0
  -82.6200  -37.2340 -131.5310 O   0  0  0  0  0  0
  -85.0470  -38.5770 -131.0170 F   0  0  0  0  0  0
  1  2  1  0
  1  6  2  0
  2  3  2  0
  2  7  1  0
  3  4  1  0
  4  5  2  0
  4 18  1  0
  5  6  1  0
  5 17  1  0
  6 16  1  0
  7  8  1  0
  8 11  2  0
  8 15  1  0
  9 12  1  0
  9 14  1  0
  9 15  2  0
 10 11  1  0
 11 12  1  0
 12 13  1  0
M  END
LIGAND 002 J93
POSE 1
J93
                    3D
 
 25 27  0  0  1  0            999 V2000
   -1.8170   -5.0830  -39.5960 C   0  0  0  0  0  0
    2.7800   -3.9460  -41.8460 C   0  0  0  0  0  0
    4.1480   -1.7920  -41.7330 C   0  0  0  0  0  0
    4.8870    0.5320  -41.1710 C   0  0  0  0  0  0
    6.3130   -0.9470  -42.6530 C   0  0  0  0  0  0
    5.3160    0.4410  -39.7050 C   0  0  0  0  0  0
   -1.6220   -8.7360  -40.7480 C   0  0  0  0  0  0
   -2.1270   -7.5320  -40.2850 C   0  0  0  0  0  0
   -3.3680   -7.4610  -39.6670 C   0  0  0  0  0  0
   -4.1430   -8.6020  -39.5490 C   0  0  0  0  0  0
   -3.6450   -9.8060  -40.0320 C   0  0  0  0  0  0
   -2.3970   -9.8750  -40.6300 C   0  0  0  0  0  0
   -4.4740  -11.0770  -39.9130 C   0  0  0  0  0  0
   -1.2920   -6.2720  -40.3730 C   0  0  0  0  0  0
   -0.1820   -6.2510  -41.0810 C   0  0  0  0  0  0
    0.7790   -5.0740  -41.1930 C   0  0  0  0  0  0
    1.9980   -5.1390  -41.8940 C   0  0  0  0  0  0
    2.1810   -2.9210  -41.0810 C   0  0  0  0  0  0
    2.9410   -1.7210  -41.0230 C   0  0  0  0  0  0
    5.1140   -0.7310  -41.8510 N   0  0  0  0  0  0
   -2.2180   -4.2040  -39.0270 N   0  0  0  0  0  0
   -5.0880  -12.0280  -39.8240 N   0  0  0  0  0  0
    6.6750    0.0970  -39.6350 O   0  0  0  0  0  0
    0.7050   -3.5110  -40.4990 S   0  0  0  0  0  0
    4.2520   -3.3380  -42.4320 S   0  0  0  0  0  0
  1 14  1  0
  1 21  3  0
  2 17  1  0
  2 18  2  0
  2 25  1  0
  3 19  2  0
  3 20  1  0
  3 25  1  0
  4  6  1  0
  4 20  1  0
  5 20  1  0
  6 23  1  0
  7  8  1  0
  7 12  2  0
  8  9  2  0
  8 14  1  0
  9 10  1  0
 10 11  2  0
 11 12  1  0
 11 13  1  0
 13 22  3  0
 14 15  2  0
 15 16  1  0
 16 17  2  0
 16 24  1  0
 18 19  1  0
 18 24  1  0
M  END
POSE 2
J93
                    3D
 
 25 27  0  0  1  0            999 V2000
   -1.8170   -5.0830  -39.5960 C   0  0  0  0  0  0
    2.7800   -3.9460  -41.8460 C   0  0  0  0  0  0
    4.1480   -1.7920  -41.7330 C   0  0  0  0  0  0
    4.8870    0.5320  -41.1710 C   0  0  0  0  0  0
    6.3130   -0.9470  -42.6530 C   0  0  0  0  0  0
    5.3160    0.4410  -39.7050 C   0  0  0  0  0  0
   -1.6220   -8.7360  -40.7480 C   0  0  0  0  0  0
   -2.1270   -7.5320  -40.2850 C   0  0  0  0  0  0
   -3.3680   -7.4610  -39.6670 C   0  0  0  0  0  0
   -4.1430   -8.6020  -39.5490 C   0  0  0  0  0  0
   -3.6450   -9.8060  -40.0320 C   0  0  0  0  0  0
   -2.3970   -9.8750  -40.6300 C   0  0  0  0  0  0
   -4.4740  -11.0770  -39.9130 C   0  0  0  0  0  0
   -1.2920   -6.2720  -40.3730 C   0  0  0  0  0  0
   -0.1820   -6.2510  -41.0810 C   0  0  0  0  0  0
    0.7790   -5.0740  -41.1930 C   0  0  0  0  0  0
    1.9980   -5.1390  -41.8940 C   0  0  0  0  0  0
    2.1810   -2.9210  -41.0810 C   0  0  0  0  0  0
    2.9410   -1.7210  -41.0230 C   0  0  0  0  0  0
    5.1140   -0.7310  -41.8510 N   0  0  0  0  0  0
   -2.2180   -4.2040  -39.0270 N   0  0  0  0  0  0
   -5.0880  -12.0280  -39.8240 N   0  0  0  0  0  0
    6.6750    0.0970  -39.6350 O   0  0  0  0  0  0
    0.7050   -3.5110  -40.4990 S   0  0  0  0  0  0
    4.2520   -3.3380  -42.4320 S   0  0  0  0  0  0
  1 14  1  0
  1 21  3  0
  2 17  1  0
  2 18  2  0
  2 25  1  0
  3 19  2  0
  3 20  1  0
  3 25  1  0
  4  6  1  0
  4 20  1  0
  5 20  1  0
  6 23  1  0
  7  8  1  0
  7 12  2  0
  8  9  2  0
  8 14  1  0
  9 10  1  0
 10 11  2  0
 11 12  1  0
 11 13  1  0
 13 22  3  0
 14 15  2  0
 15 16  1  0
 16 17  2  0
 16 24  1  0
 18 19  1  0
 18 24  1  0
M  END
POSE 3
J93
                    3D
 
 25 27  0  0  1  0            999 V2000
   -1.8170   -5.0830  -39.5960 C   0  0  0  0  0  0
    2.7800   -3.9460  -41.8460 C   0  0  0  0  0  0
    4.1480   -1.7920  -41.7330 C   0  0  0  0  0  0
    4.8870    0.5320  -41.1710 C   0  0  0  0  0  0
    6.3130   -0.9470  -42.6530 C   0  0  0  0  0  0
    5.3160    0.4410  -39.7050 C   0  0  0  0  0  0
   -1.6220   -8.7360  -40.7480 C   0  0  0  0  0  0
   -2.1270   -7.5320  -40.2850 C   0  0  0  0  0  0
   -3.3680   -7.4610  -39.6670 C   0  0  0  0  0  0
   -4.1430   -8.6020  -39.5490 C   0  0  0  0  0  0
   -3.6450   -9.8060  -40.0320 C   0  0  0  0  0  0
   -2.3970   -9.8750  -40.6300 C   0  0  0  0  0  0
   -4.4740  -11.0770  -39.9130 C   0  0  0  0  0  0
   -1.2920   -6.2720  -40.3730 C   0  0  0  0  0  0
   -0.1820   -6.2510  -41.0810 C   0  0  0  0  0  0
    0.7790   -5.0740  -41.1930 C   0  0  0  0  0  0
    1.9980   -5.1390  -41.8940 C   0  0  0  0  0  0
    2.1810   -2.9210  -41.0810 C   0  0  0  0  0  0
    2.9410   -1.7210  -41.0230 C   0  0  0  0  0  0
    5.1140   -0.7310  -41.8510 N   0  0  0  0  0  0
   -2.2180   -4.2040  -39.0270 N   0  0  0  0  0  0
   -5.0880  -12.0280  -39.8240 N   0  0  0  0  0  0
    6.6750    0.0970  -39.6350 O   0  0  0  0  0  0
    0.7050   -3.5110  -40.4990 S   0  0  0  0  0  0
    4.2520   -3.3380  -42.4320 S   0  0  0  0  0  0
  1 14  1  0
  1 21  3  0
  2 17  1  0
  2 18  2  0
  2 25  1  0
  3 19  2  0
  3 20  1  0
  3 25  1  0
  4  6  1  0
  4 20  1  0
  5 20  1  0
  6 23  1  0
  7  8  1  0
  7 12  2  0
  8  9  2  0
  8 14  1  0
  9 10  1  0
 10 11  2  0
 11 12  1  0
 11 13  1  0
 13 22  3  0
 14 15  2  0
 15 16  1  0
 16 17  2  0
 16 24  1  0
 18 19  1  0
 18 24  1  0
M  END
POSE 4
J93
                    3D
 
 25 27  0  0  1  0            999 V2000
   -1.8170   -5.0830  -39.5960 C   0  0  0  0  0  0
    2.7800   -3.9460  -41.8460 C   0  0  0  0  0  0
    4.1480   -1.7920  -41.7330 C   0  0  0  0  0  0
    4.8870    0.5320  -41.1710 C   0  0  0  0  0  0
    6.3130   -0.9470  -42.6530 C   0  0  0  0  0  0
    5.3160    0.4410  -39.7050 C   0  0  0  0  0  0
   -1.6220   -8.7360  -40.7480 C   0  0  0  0  0  0
   -2.1270   -7.5320  -40.2850 C   0  0  0  0  0  0
   -3.3680   -7.4610  -39.6670 C   0  0  0  0  0  0
   -4.1430   -8.6020  -39.5490 C   0  0  0  0  0  0
   -3.6450   -9.8060  -40.0320 C   0  0  0  0  0  0
   -2.3970   -9.8750  -40.6300 C   0  0  0  0  0  0
   -4.4740  -11.0770  -39.9130 C   0  0  0  0  0  0
   -1.2920   -6.2720  -40.3730 C   0  0  0  0  0  0
   -0.1820   -6.2510  -41.0810 C   0  0  0  0  0  0
    0.7790   -5.0740  -41.1930 C   0  0  0  0  0  0
    1.9980   -5.1390  -41.8940 C   0  0  0  0  0  0
    2.1810   -2.9210  -41.0810 C   0  0  0  0  0  0
    2.9410   -1.7210  -41.0230 C   0  0  0  0  0  0
    5.1140   -0.7310  -41.8510 N   0  0  0  0  0  0
   -2.2180   -4.2040  -39.0270 N   0  0  0  0  0  0
   -5.0880  -12.0280  -39.8240 N   0  0  0  0  0  0
    6.6750    0.0970  -39.6350 O   0  0  0  0  0  0
    0.7050   -3.5110  -40.4990 S   0  0  0  0  0  0
    4.2520   -3.3380  -42.4320 S   0  0  0  0  0  0
  1 14  1  0
  1 21  3  0
  2 17  1  0
  2 18  2  0
  2 25  1  0
  3 19  2  0
  3 20  1  0
  3 25  1  0
  4  6  1  0
  4 20  1  0
  5 20  1  0
  6 23  1  0
  7  8  1  0
  7 12  2  0
  8  9  2  0
  8 14  1  0
  9 10  1  0
 10 11  2  0
 11 12  1  0
 11 13  1  0
 13 22  3  0
 14 15  2  0
 15 16  1  0
 16 17  2  0
 16 24  1  0
 18 19  1  0
 18 24  1  0
M  END
POSE 5
J93
                    3D
 
 25 27  0  0  1  0            999 V2000
   -1.8170   -5.0830  -39.5960 C   0  0  0  0  0  0
    2.7800   -3.9460  -41.8460 C   0  0  0  0  0  0
    4.1480   -1.7920  -41.7330 C   0  0  0  0  0  0
    4.8870    0.5320  -41.1710 C   0  0  0  0  0  0
    6.3130   -0.9470  -42.6530 C   0  0  0  0  0  0
    5.3160    0.4410  -39.7050 C   0  0  0  0  0  0
   -1.6220   -8.7360  -40.7480 C   0  0  0  0  0  0
   -2.1270   -7.5320  -40.2850 C   0  0  0  0  0  0
   -3.3680   -7.4610  -39.6670 C   0  0  0  0  0  0
   -4.1430   -8.6020  -39.5490 C   0  0  0  0  0  0
   -3.6450   -9.8060  -40.0320 C   0  0  0  0  0  0
   -2.3970   -9.8750  -40.6300 C   0  0  0  0  0  0
   -4.4740  -11.0770  -39.9130 C   0  0  0  0  0  0
   -1.2920   -6.2720  -40.3730 C   0  0  0  0  0  0
   -0.1820   -6.2510  -41.0810 C   0  0  0  0  0  0
    0.7790   -5.0740  -41.1930 C   0  0  0  0  0  0
    1.9980   -5.1390  -41.8940 C   0  0  0  0  0  0
    2.1810   -2.9210  -41.0810 C   0  0  0  0  0  0
    2.9410   -1.7210  -41.0230 C   0  0  0  0  0  0
    5.1140   -0.7310  -41.8510 N   0  0  0  0  0  0
   -2.2180   -4.2040  -39.0270 N   0  0  0  0  0  0
   -5.0880  -12.0280  -39.8240 N   0  0  0  0  0  0
    6.6750    0.0970  -39.6350 O   0  0  0  0  0  0
    0.7050   -3.5110  -40.4990 S   0  0  0  0  0  0
    4.2520   -3.3380  -42.4320 S   0  0  0  0  0  0
  1 14  1  0
  1 21  3  0
  2 17  1  0
  2 18  2  0
  2 25  1  0
  3 19  2  0
  3 20  1  0
  3 25  1  0
  4  6  1  0
  4 20  1  0
  5 20  1  0
  6 23  1  0
  7  8  1  0
  7 12  2  0
  8  9  2  0
  8 14  1  0
  9 10  1  0
 10 11  2  0
 11 12  1  0
 11 13  1  0
 13 22  3  0
 14 15  2  0
 15 16  1  0
 16 17  2  0
 16 24  1  0
 18 19  1  0
 18 24  1  0
M  END
LIGAND 003 K  
POSE 1
K  
                    3D
 
  1  0  0  0  1  0            999 V2000
  -90.8910  -39.5720 -134.2810 K   0  3  0  0  0  0
M  CHG  1   1   1
M  END
POSE 2
K  
                    3D
 
  1  0  0  0  1  0            999 V2000
  -90.8910  -39.5720 -134.2810 K   0  3  0  0  0  0
M  CHG  1   1   1
M  END
POSE 3
K  
                    3D
 
  1  0  0  0  1  0            999 V2000
  -90.8910  -39.5720 -134.2810 K   0  3  0  0  0  0
M  CHG  1   1   1
M  END
POSE 4
K  
                    3D
 
  1  0  0  0  1  0            999 V2000
  -90.8910  -39.5720 -134.2810 K   0  3  0  0  0  0
M  CHG  1   1   1
M  END
POSE 5
K  
                    3D
 
  1  0  0  0  1  0            999 V2000
  -90.8910  -39.5720 -134.2810 K   0  3  0  0  0  0
M  CHG  1   1   1
M  END
END
