PFRMAT LG
TARGET T1105v1
MODEL 1
LIGAND 001 QUE
POSE 1
QUE
     RDKit          3D

 29 32  0  0  0  0  0  0  0  0999 V2000
  -15.0590   -8.9700   -3.7490 C   0  0  0  0  0  0  0  0  0  0  0  0
  -14.5440   -9.7150   -2.8080 N   0  0  0  0  0  0  0  0  0  0  0  0
  -13.9750  -10.9030   -3.2490 C   0  0  0  0  0  0  0  0  0  0  0  0
  -13.9260  -11.3270   -4.5500 C   0  0  0  0  0  0  0  0  0  0  0  0
  -13.2650  -12.5900   -4.5700 C   0  0  0  0  0  0  0  0  0  0  0  0
  -12.9490  -12.8800   -3.2660 C   0  0  0  0  0  0  0  0  0  0  0  0
  -13.3800  -11.8500   -2.4390 N   0  0  0  0  0  0  0  0  0  0  0  0
  -14.5300  -10.4560   -5.5790 C   0  0  0  0  0  0  0  0  0  0  0  0
  -14.5470  -10.7620   -6.7690 O   0  0  0  0  0  0  0  0  0  0  0  0
  -15.0650   -9.3100   -5.1130 N   0  0  0  0  0  0  0  0  0  0  0  0
  -12.9760  -13.4470   -5.7720 C   0  0  0  0  0  0  0  0  0  0  0  0
  -11.5200  -13.5340   -5.9970 N   0  0  0  0  0  0  0  0  0  0  0  0
  -11.0350  -12.8430   -7.2100 C   0  0  0  0  0  0  0  0  0  0  0  0
  -10.8540  -11.3260   -6.9620 C   0  0  0  0  0  0  0  0  0  0  0  0
  -11.3790  -10.6040   -8.2290 C   0  0  0  0  0  0  0  0  0  0  0  0
  -12.2380  -11.6630   -8.8710 C   0  0  0  0  0  0  0  0  0  0  0  0
  -12.0580  -12.8650   -8.3210 C   0  0  0  0  0  0  0  0  0  0  0  0
   -9.5400  -10.9660   -6.5860 O   0  0  0  0  0  0  0  0  0  0  0  0
  -10.3430  -10.2340   -9.1180 O   0  0  0  0  0  0  0  0  0  0  0  0
  -13.2460  -11.7770   -0.9500 C   0  0  0  0  0  0  0  0  0  0  0  0
  -14.0280  -12.9350   -0.3130 C   0  0  0  0  0  0  0  0  0  0  0  0
  -12.9370  -13.9780   -0.1090 C   0  0  0  0  0  0  0  0  0  0  0  0
  -11.7230  -13.0970    0.1900 C   0  0  0  0  0  0  0  0  0  0  0  0
  -11.8930  -11.9410   -0.6250 O   0  0  0  0  0  0  0  0  0  0  0  0
  -14.6390  -12.5240    0.8980 O   0  0  0  0  0  0  0  0  0  0  0  0
  -13.2380  -14.8940    0.9250 O   0  0  0  0  0  0  0  0  0  0  0  0
  -10.3290  -13.7230   -0.0030 C   0  0  0  0  0  0  0  0  0  0  0  0
   -9.2970  -12.9160    0.5230 O   0  0  0  0  0  0  0  0  0  0  0  0
  -15.6660   -7.7520   -3.5250 N   0  0  0  0  0  0  0  0  0  0  0  0
  2  1  1  0
  3  2  1  0
  4  3  1  0
  5  4  1  0
  6  5  1  0
  7  6  1  0
  7  3  1  0
  8  4  1  0
  9  8  1  0
 10  8  1  0
 10  1  1  0
 11  5  1  0
 12 11  1  0
 13 12  1  0
 14 13  1  0
 15 14  1  0
 16 15  1  0
 17 16  1  0
 17 13  1  0
 18 14  1  0
 19 15  1  0
 20  7  1  0
 21 20  1  0
 22 21  1  0
 23 22  1  0
 24 23  1  0
 24 20  1  0
 25 21  1  0
 26 22  1  0
 27 23  1  0
 28 27  1  0
 29  1  1  0
M  END
POSE 2
QUE
     RDKit          3D

 29 32  0  0  0  0  0  0  0  0999 V2000
   -8.3850  -10.2710   -5.3700 C   0  0  0  0  0  0  0  0  0  0  0  0
   -9.3040  -10.8460   -6.0970 N   0  0  0  0  0  0  0  0  0  0  0  0
  -10.1260  -11.7280   -5.4090 C   0  0  0  0  0  0  0  0  0  0  0  0
  -10.0360  -12.0250   -4.0750 C   0  0  0  0  0  0  0  0  0  0  0  0
  -11.0580  -12.9710   -3.7710 C   0  0  0  0  0  0  0  0  0  0  0  0
  -11.7220  -13.2130   -4.9480 C   0  0  0  0  0  0  0  0  0  0  0  0
  -11.1600  -12.4560   -5.9670 N   0  0  0  0  0  0  0  0  0  0  0  0
   -8.9740  -11.3590   -3.2940 C   0  0  0  0  0  0  0  0  0  0  0  0
   -8.8070  -11.5740   -2.0960 O   0  0  0  0  0  0  0  0  0  0  0  0
   -8.2020  -10.5050   -3.9960 N   0  0  0  0  0  0  0  0  0  0  0  0
  -11.3520  -13.5940   -2.4320 C   0  0  0  0  0  0  0  0  0  0  0  0
  -12.6800  -13.1620   -1.9510 N   0  0  0  0  0  0  0  0  0  0  0  0
  -12.7850  -12.9900   -0.4870 C   0  0  0  0  0  0  0  0  0  0  0  0
  -11.4470  -12.5060    0.1230 C   0  0  0  0  0  0  0  0  0  0  0  0
  -11.2540  -13.2900    1.4460 C   0  0  0  0  0  0  0  0  0  0  0  0
  -12.1810  -14.4620    1.2640 C   0  0  0  0  0  0  0  0  0  0  0  0
  -13.0010  -14.3060    0.2230 C   0  0  0  0  0  0  0  0  0  0  0  0
  -11.3620  -11.1010    0.2560 O   0  0  0  0  0  0  0  0  0  0  0  0
  -11.6450  -12.5490    2.5840 O   0  0  0  0  0  0  0  0  0  0  0  0
  -11.5750  -12.4340   -7.4040 C   0  0  0  0  0  0  0  0  0  0  0  0
  -12.9700  -13.0660   -7.5390 C   0  0  0  0  0  0  0  0  0  0  0  0
  -13.8740  -11.8400   -7.5190 C   0  0  0  0  0  0  0  0  0  0  0  0
  -12.9990  -10.8020   -8.2240 C   0  0  0  0  0  0  0  0  0  0  0  0
  -11.6670  -11.0980   -7.8130 O   0  0  0  0  0  0  0  0  0  0  0  0
  -13.0710  -13.8130   -8.7390 O   0  0  0  0  0  0  0  0  0  0  0  0
  -15.1150  -12.0610   -8.1590 O   0  0  0  0  0  0  0  0  0  0  0  0
  -13.3420   -9.3180   -8.0000 C   0  0  0  0  0  0  0  0  0  0  0  0
  -13.5100   -8.6130   -9.2130 O   0  0  0  0  0  0  0  0  0  0  0  0
   -7.4700   -9.3610   -5.8570 N   0  0  0  0  0  0  0  0  0  0  0  0
  2  1  1  0
  3  2  1  0
  4  3  1  0
  5  4  1  0
  6  5  1  0
  7  6  1  0
  7  3  1  0
  8  4  1  0
  9  8  1  0
 10  8  1  0
 10  1  1  0
 11  5  1  0
 12 11  1  0
 13 12  1  0
 14 13  1  0
 15 14  1  0
 16 15  1  0
 17 16  1  0
 17 13  1  0
 18 14  1  0
 19 15  1  0
 20  7  1  0
 21 20  1  0
 22 21  1  0
 23 22  1  0
 24 20  1  0
 24 23  1  0
 25 21  1  0
 26 22  1  0
 27 23  1  0
 28 27  1  0
 29  1  1  0
M  END
POSE 3
QUE
     RDKit          3D

 29 32  0  0  0  0  0  0  0  0999 V2000
  -19.6820   -9.6590   11.5290 C   0  0  0  0  0  0  0  0  0  0  0  0
  -20.4550   -8.6220   11.3680 N   0  0  0  0  0  0  0  0  0  0  0  0
  -21.6730   -8.8820   10.7540 C   0  0  0  0  0  0  0  0  0  0  0  0
  -22.0970  -10.1140   10.3280 C   0  0  0  0  0  0  0  0  0  0  0  0
  -23.3990   -9.9590    9.7640 C   0  0  0  0  0  0  0  0  0  0  0  0
  -23.6970   -8.6220    9.8620 C   0  0  0  0  0  0  0  0  0  0  0  0
  -22.6540   -7.9460   10.4760 N   0  0  0  0  0  0  0  0  0  0  0  0
  -21.1860  -11.2610   10.5290 C   0  0  0  0  0  0  0  0  0  0  0  0
  -21.4730  -12.4030   10.1770 O   0  0  0  0  0  0  0  0  0  0  0  0
  -20.0170  -10.9630   11.1270 N   0  0  0  0  0  0  0  0  0  0  0  0
  -24.2620  -11.0440    9.1680 C   0  0  0  0  0  0  0  0  0  0  0  0
  -24.3550  -10.9520    7.7120 N   0  0  0  0  0  0  0  0  0  0  0  0
  -23.7900  -12.0890    6.9820 C   0  0  0  0  0  0  0  0  0  0  0  0
  -22.2380  -12.0310    6.9480 C   0  0  0  0  0  0  0  0  0  0  0  0
  -21.8670  -11.5770    5.5060 C   0  0  0  0  0  0  0  0  0  0  0  0
  -23.1340  -11.8040    4.7270 C   0  0  0  0  0  0  0  0  0  0  0  0
  -24.1720  -12.0570    5.5210 C   0  0  0  0  0  0  0  0  0  0  0  0
  -21.7610  -13.3410    7.1940 O   0  0  0  0  0  0  0  0  0  0  0  0
  -20.7700  -12.2600    4.9310 O   0  0  0  0  0  0  0  0  0  0  0  0
  -22.6470   -6.4770   10.7660 C   0  0  0  0  0  0  0  0  0  0  0  0
  -23.6170   -5.7320    9.8350 C   0  0  0  0  0  0  0  0  0  0  0  0
  -24.7260   -5.3100   10.7960 C   0  0  0  0  0  0  0  0  0  0  0  0
  -23.9970   -5.2050   12.1380 C   0  0  0  0  0  0  0  0  0  0  0  0
  -23.0760   -6.2870   12.0810 O   0  0  0  0  0  0  0  0  0  0  0  0
  -22.9800   -4.6230    9.2280 O   0  0  0  0  0  0  0  0  0  0  0  0
  -25.3630   -4.1030   10.4210 O   0  0  0  0  0  0  0  0  0  0  0  0
  -24.9220   -5.3740   13.3530 C   0  0  0  0  0  0  0  0  0  0  0  0
  -25.9450   -4.4020   13.3210 O   0  0  0  0  0  0  0  0  0  0  0  0
  -18.4340   -9.6100   12.1140 N   0  0  0  0  0  0  0  0  0  0  0  0
  2  1  1  0
  3  2  1  0
  4  3  1  0
  5  4  1  0
  6  5  1  0
  7  6  1  0
  7  3  1  0
  8  4  1  0
  9  8  1  0
 10  8  1  0
 10  1  1  0
 11  5  1  0
 12 11  1  0
 13 12  1  0
 14 13  1  0
 15 14  1  0
 16 15  1  0
 17 16  1  0
 17 13  1  0
 18 14  1  0
 19 15  1  0
 20  7  1  0
 21 20  1  0
 22 21  1  0
 23 22  1  0
 24 20  1  0
 24 23  1  0
 25 21  1  0
 26 22  1  0
 27 23  1  0
 28 27  1  0
 29  1  1  0
M  END
POSE 4
QUE
     RDKit          3D

 29 32  0  0  0  0  0  0  0  0999 V2000
  -13.9260  -12.6710   -0.7500 C   0  0  0  0  0  0  0  0  0  0  0  0
  -13.9730  -12.4110   -2.0270 N   0  0  0  0  0  0  0  0  0  0  0  0
  -12.7390  -12.2360   -2.6410 C   0  0  0  0  0  0  0  0  0  0  0  0
  -11.5250  -12.3220   -2.0120 C   0  0  0  0  0  0  0  0  0  0  0  0
  -10.5090  -12.0920   -2.9870 C   0  0  0  0  0  0  0  0  0  0  0  0
  -11.1660  -11.8560   -4.1700 C   0  0  0  0  0  0  0  0  0  0  0  0
  -12.5350  -11.9510   -3.9800 N   0  0  0  0  0  0  0  0  0  0  0  0
  -11.5200  -12.6190   -0.5630 C   0  0  0  0  0  0  0  0  0  0  0  0
  -10.4830  -12.7110    0.0890 O   0  0  0  0  0  0  0  0  0  0  0  0
  -12.7370  -12.7780   -0.0090 N   0  0  0  0  0  0  0  0  0  0  0  0
   -9.0170  -12.0900   -2.7580 C   0  0  0  0  0  0  0  0  0  0  0  0
   -8.5090  -13.4010   -2.3570 N   0  0  0  0  0  0  0  0  0  0  0  0
   -7.4020  -13.3680   -1.3960 C   0  0  0  0  0  0  0  0  0  0  0  0
   -6.4850  -12.1380   -1.6240 C   0  0  0  0  0  0  0  0  0  0  0  0
   -5.2010  -12.6910   -2.3080 C   0  0  0  0  0  0  0  0  0  0  0  0
   -5.2770  -14.1720   -2.0560 C   0  0  0  0  0  0  0  0  0  0  0  0
   -6.4680  -14.5410   -1.5870 C   0  0  0  0  0  0  0  0  0  0  0  0
   -6.1770  -11.5980   -0.3510 O   0  0  0  0  0  0  0  0  0  0  0  0
   -3.9880  -12.1410   -1.8320 O   0  0  0  0  0  0  0  0  0  0  0  0
  -13.5580  -11.7750   -5.0590 C   0  0  0  0  0  0  0  0  0  0  0  0
  -13.9630  -10.2980   -5.1910 C   0  0  0  0  0  0  0  0  0  0  0  0
  -13.3500   -9.9150   -6.5360 C   0  0  0  0  0  0  0  0  0  0  0  0
  -13.3190  -11.2460   -7.2920 C   0  0  0  0  0  0  0  0  0  0  0  0
  -12.9950  -12.1800   -6.2700 O   0  0  0  0  0  0  0  0  0  0  0  0
  -15.3720  -10.1590   -5.1830 O   0  0  0  0  0  0  0  0  0  0  0  0
  -14.0780   -8.9120   -7.2190 O   0  0  0  0  0  0  0  0  0  0  0  0
  -12.2560  -11.2980   -8.3990 C   0  0  0  0  0  0  0  0  0  0  0  0
  -12.0380  -10.0050   -8.9210 O   0  0  0  0  0  0  0  0  0  0  0  0
  -15.0390  -12.8740    0.0380 N   0  0  0  0  0  0  0  0  0  0  0  0
  2  1  1  0
  3  2  1  0
  4  3  1  0
  5  4  1  0
  6  5  1  0
  7  6  1  0
  7  3  1  0
  8  4  1  0
  9  8  1  0
 10  8  1  0
 10  1  1  0
 11  5  1  0
 12 11  1  0
 13 12  1  0
 14 13  1  0
 15 14  1  0
 16 15  1  0
 17 13  1  0
 17 16  1  0
 18 14  1  0
 19 15  1  0
 20  7  1  0
 21 20  1  0
 22 21  1  0
 23 22  1  0
 24 23  1  0
 24 20  1  0
 25 21  1  0
 26 22  1  0
 27 23  1  0
 28 27  1  0
 29  1  1  0
M  END
POSE 5
QUE
     RDKit          3D

 29 32  0  0  0  0  0  0  0  0999 V2000
   -8.0350    8.6540  -10.8130 C   0  0  0  0  0  0  0  0  0  0  0  0
   -7.1630    9.5090  -10.3540 N   0  0  0  0  0  0  0  0  0  0  0  0
   -7.6470   10.3890   -9.3940 C   0  0  0  0  0  0  0  0  0  0  0  0
   -8.9310   10.4100   -8.9160 C   0  0  0  0  0  0  0  0  0  0  0  0
   -9.0180   11.4480   -7.9410 C   0  0  0  0  0  0  0  0  0  0  0  0
   -7.7720   12.0240   -7.8890 C   0  0  0  0  0  0  0  0  0  0  0  0
   -6.9140   11.3810   -8.7660 N   0  0  0  0  0  0  0  0  0  0  0  0
   -9.8850    9.4240   -9.4670 C   0  0  0  0  0  0  0  0  0  0  0  0
  -11.0590    9.3680   -9.1070 O   0  0  0  0  0  0  0  0  0  0  0  0
   -9.3750    8.5920  -10.3950 N   0  0  0  0  0  0  0  0  0  0  0  0
  -10.2380   11.8420   -7.1460 C   0  0  0  0  0  0  0  0  0  0  0  0
  -10.0710   11.6170   -5.7100 N   0  0  0  0  0  0  0  0  0  0  0  0
  -11.2310   11.0270   -5.0370 C   0  0  0  0  0  0  0  0  0  0  0  0
  -10.8600    9.7030   -4.3170 C   0  0  0  0  0  0  0  0  0  0  0  0
  -11.4390    8.5640   -5.2050 C   0  0  0  0  0  0  0  0  0  0  0  0
  -12.4160    9.2760   -6.1000 C   0  0  0  0  0  0  0  0  0  0  0  0
  -12.2890   10.6000   -6.0270 C   0  0  0  0  0  0  0  0  0  0  0  0
  -11.4960    9.7170   -3.0510 O   0  0  0  0  0  0  0  0  0  0  0  0
  -12.0560    7.5090   -4.4930 O   0  0  0  0  0  0  0  0  0  0  0  0
   -5.4700   11.7300   -8.9530 C   0  0  0  0  0  0  0  0  0  0  0  0
   -5.0960   11.7240  -10.4440 C   0  0  0  0  0  0  0  0  0  0  0  0
   -4.8740   13.2080  -10.7270 C   0  0  0  0  0  0  0  0  0  0  0  0
   -4.4500   13.7580   -9.3630 C   0  0  0  0  0  0  0  0  0  0  0  0
   -5.2610   13.0180   -8.4590 O   0  0  0  0  0  0  0  0  0  0  0  0
   -3.9300   10.9530  -10.6680 O   0  0  0  0  0  0  0  0  0  0  0  0
   -3.9150   13.4490  -11.7380 O   0  0  0  0  0  0  0  0  0  0  0  0
   -4.7230   15.2600   -9.1940 C   0  0  0  0  0  0  0  0  0  0  0  0
   -5.0160   15.8410  -10.4460 O   0  0  0  0  0  0  0  0  0  0  0  0
   -7.7540    7.7020  -11.7700 N   0  0  0  0  0  0  0  0  0  0  0  0
  2  1  1  0
  3  2  1  0
  4  3  1  0
  5  4  1  0
  6  5  1  0
  7  3  1  0
  7  6  1  0
  8  4  1  0
  9  8  1  0
 10  8  1  0
 10  1  1  0
 11  5  1  0
 12 11  1  0
 13 12  1  0
 14 13  1  0
 15 14  1  0
 16 15  1  0
 17 16  1  0
 17 13  1  0
 18 14  1  0
 19 15  1  0
 20  7  1  0
 21 20  1  0
 22 21  1  0
 23 22  1  0
 24 20  1  0
 24 23  1  0
 25 21  1  0
 26 22  1  0
 27 23  1  0
 28 27  1  0
 29  1  1  0
M  END
END
