PFRMAT LG
TARGET T1118v1
MODEL 1
LIGAND 001 FE 
POSE 1
FE 
                    3D
  
  1  0  0  0  1  0            999 V2000
  -33.6327    4.7694  -31.3887 Fe  0  1  0  0  0  0
M  CHG  1   1   3
M  END
POSE 2
FE 
                    3D
  
  1  0  0  0  1  0            999 V2000
  -33.1373    8.2116  -28.4595 Fe  0  1  0  0  0  0
M  CHG  1   1   3
M  END
POSE 3
FE 
                    3D
  
  1  0  0  0  1  0            999 V2000
  -35.9429    9.1536  -24.7084 Fe  0  1  0  0  0  0
M  CHG  1   1   3
M  END
POSE 4
FE 
                    3D
  
  1  0  0  0  1  0            999 V2000
  -33.3645    8.6693  -28.7315 Fe  0  1  0  0  0  0
M  CHG  1   1   3
M  END
POSE 5
FE 
                    3D
  
  1  0  0  0  1  0            999 V2000
  -37.2808   10.1588  -30.3703 Fe  0  1  0  0  0  0
M  CHG  1   1   3
M  END
LIGAND 002 FE 
POSE 1
FE 
                    3D
  
  1  0  0  0  1  0            999 V2000
  -33.0461    8.4114  -28.3734 Fe  0  1  0  0  0  0
M  CHG  1   1   3
M  END
POSE 2
FE 
                    3D
  
  1  0  0  0  1  0            999 V2000
  -34.5082    4.2782  -30.7721 Fe  0  1  0  0  0  0
M  CHG  1   1   3
M  END
POSE 3
FE 
                    3D
  
  1  0  0  0  1  0            999 V2000
  -33.1204    8.1731  -28.4194 Fe  0  1  0  0  0  0
M  CHG  1   1   3
M  END
POSE 4
FE 
                    3D
  
  1  0  0  0  1  0            999 V2000
  -37.8933    9.2769  -30.0806 Fe  0  1  0  0  0  0
M  CHG  1   1   3
M  END
POSE 5
FE 
                    3D
  
  1  0  0  0  1  0            999 V2000
  -33.1366    8.6897  -28.5355 Fe  0  1  0  0  0  0
M  CHG  1   1   3
M  END
LIGAND 003 LIG
POSE 1
LIG
                    3D
  
 28 28  0  0  1  0            999 V2000
  -29.8510    2.8970  -32.7224 C   0  0  0  0  0  0
  -29.8441    1.7122  -31.7096 C   0  0  0  0  0  0
  -30.3790    2.0058  -30.2989 C   0  0  0  0  0  0
  -30.6168    3.1688  -29.9405 O   0  0  0  0  0  0
  -30.6838    0.9503  -29.5341 N   0  0  0  0  0  0
  -31.0794    0.9998  -28.1245 C   0  0  0  0  0  0
  -32.5752    1.3200  -27.8932 C   0  0  0  0  0  0
  -32.9770    2.7814  -28.1751 C   0  0  0  0  0  0
  -34.3583    3.2000  -27.6340 C   0  0  0  0  0  0
  -35.5936    2.8686  -28.5146 C   0  0  0  0  0  0
  -35.8007    3.6628  -29.7517 N   0  0  0  0  0  0
  -35.0422    4.8875  -29.7570 O   0  0  0  0  0  0
  -35.8386    3.1255  -30.9798 C   0  0  0  0  0  0
  -34.8377    2.5414  -31.3919 O   0  0  0  0  0  0
  -36.9276    3.5985  -31.9571 C   0  0  0  0  0  0
  -36.5190    3.4860  -33.4642 C   0  0  0  0  0  0
  -35.3255    4.3394  -33.9028 C   0  0  0  0  0  0
  -34.6578    4.9571  -33.0323 O   0  0  0  0  0  0
  -34.9820    4.2817  -35.1903 N   0  0  0  0  0  0
  -34.6731    5.3762  -36.1195 C   0  0  0  0  0  0
  -33.2678    6.0252  -36.1517 C   0  0  0  0  0  0
  -32.1163    5.4371  -35.3245 C   0  0  0  0  0  0
  -31.4028    6.5263  -34.4805 C   0  0  0  0  0  0
  -30.3253    6.0210  -33.4991 C   0  0  0  0  0  0
  -30.9063    5.1218  -32.5067 N   0  0  0  0  0  0
  -31.0931    3.7894  -32.6281 C   0  0  0  0  0  0
  -32.2101    3.2918  -32.4363 O   0  0  0  0  0  0
  -31.8072    5.8236  -31.6278 O   0  0  0  0  0  0
  1  2  1  0
  1 26  1  0
  2  3  1  0
  3  4  2  0
  3  5  1  0
  5  6  1  0
  6  7  1  0
  7  8  1  0
  8  9  1  0
  9 10  1  0
 10 11  1  0
 11 12  1  0
 11 13  1  0
 13 14  2  0
 13 15  1  0
 15 16  1  0
 16 17  1  0
 17 18  2  0
 17 19  1  0
 19 20  1  0
 20 21  1  0
 21 22  1  0
 22 23  1  0
 23 24  1  0
 24 25  1  0
 25 26  1  0
 25 28  1  0
 26 27  2  0
M  END
POSE 2
LIG
                    3D
  
 28 28  0  0  1  0            999 V2000
  -32.0904   11.5973  -31.1102 C   0  0  0  0  0  0
  -33.4553   12.3458  -31.0306 C   0  0  0  0  0  0
  -34.7189   11.4734  -30.9636 C   0  0  0  0  0  0
  -34.6561   10.2505  -31.1595 O   0  0  0  0  0  0
  -35.8495   12.0727  -30.5705 N   0  0  0  0  0  0
  -37.1828   11.4659  -30.5636 C   0  0  0  0  0  0
  -37.4775   10.5889  -29.3236 C   0  0  0  0  0  0
  -36.7374    9.2369  -29.2946 C   0  0  0  0  0  0
  -37.2663    8.2193  -28.2647 C   0  0  0  0  0  0
  -36.7397    8.3462  -26.8095 C   0  0  0  0  0  0
  -35.3373    7.9418  -26.5381 N   0  0  0  0  0  0
  -34.7847    7.1223  -27.5861 O   0  0  0  0  0  0
  -34.4069    8.7749  -26.0498 C   0  0  0  0  0  0
  -34.1076    9.7674  -26.7119 O   0  0  0  0  0  0
  -33.4781    8.2686  -24.9336 C   0  0  0  0  0  0
  -32.0762    8.9652  -24.9109 C   0  0  0  0  0  0
  -31.2022    8.7578  -26.1511 C   0  0  0  0  0  0
  -31.6902    8.1814  -27.1585 O   0  0  0  0  0  0
  -29.9913    9.3169  -26.1375 N   0  0  0  0  0  0
  -28.6945    8.7340  -26.5050 C   0  0  0  0  0  0
  -28.2414    8.6597  -27.9836 C   0  0  0  0  0  0
  -29.0657    9.3351  -29.0884 C   0  0  0  0  0  0
  -29.3510    8.3644  -30.2649 C   0  0  0  0  0  0
  -30.2970    8.8940  -31.3622 C   0  0  0  0  0  0
  -31.6168    9.1896  -30.8129 N   0  0  0  0  0  0
  -32.0162   10.3427  -30.2336 C   0  0  0  0  0  0
  -32.5227   10.3356  -29.1042 O   0  0  0  0  0  0
  -32.2899    7.9872  -30.3914 O   0  0  0  0  0  0
  1  2  1  0
  1 26  1  0
  2  3  1  0
  3  4  2  0
  3  5  1  0
  5  6  1  0
  6  7  1  0
  7  8  1  0
  8  9  1  0
  9 10  1  0
 10 11  1  0
 11 12  1  0
 11 13  1  0
 13 14  2  0
 13 15  1  0
 15 16  1  0
 16 17  1  0
 17 18  2  0
 17 19  1  0
 19 20  1  0
 20 21  1  0
 21 22  1  0
 22 23  1  0
 23 24  1  0
 24 25  1  0
 25 26  1  0
 25 28  1  0
 26 27  2  0
M  END
POSE 3
LIG
                    3D
  
 28 28  0  0  1  0            999 V2000
  -35.5447    6.3190  -21.3332 C   0  0  0  0  0  0
  -34.5620    7.1680  -20.4712 C   0  0  0  0  0  0
  -33.5034    7.9831  -21.2312 C   0  0  0  0  0  0
  -33.3261    7.8146  -22.4469 O   0  0  0  0  0  0
  -32.8792    8.9516  -20.5497 N   0  0  0  0  0  0
  -31.7540    9.7530  -21.0371 C   0  0  0  0  0  0
  -32.1626   10.9489  -21.9295 C   0  0  0  0  0  0
  -32.6503   10.5678  -23.3414 C   0  0  0  0  0  0
  -32.7343   11.7343  -24.3456 C   0  0  0  0  0  0
  -34.0228   12.6003  -24.3185 C   0  0  0  0  0  0
  -35.2733   12.0058  -24.8540 N   0  0  0  0  0  0
  -35.0281   10.8513  -25.6801 O   0  0  0  0  0  0
  -36.3854   11.8366  -24.1241 C   0  0  0  0  0  0
  -36.3300   11.1032  -23.1382 O   0  0  0  0  0  0
  -37.7405   12.2061  -24.7504 C   0  0  0  0  0  0
  -38.9466   11.3864  -24.1808 C   0  0  0  0  0  0
  -38.9040    9.8742  -24.4186 C   0  0  0  0  0  0
  -37.8675    9.3580  -24.9129 O   0  0  0  0  0  0
  -39.9383    9.1623  -23.9688 N   0  0  0  0  0  0
  -40.7129    8.1166  -24.6495 C   0  0  0  0  0  0
  -40.2039    6.6556  -24.7093 C   0  0  0  0  0  0
  -38.9554    6.2302  -23.9243 C   0  0  0  0  0  0
  -37.9464    5.4669  -24.8227 C   0  0  0  0  0  0
  -36.5907    5.1222  -24.1723 C   0  0  0  0  0  0
  -35.8777    6.3348  -23.7823 N   0  0  0  0  0  0
  -36.0023    7.0127  -22.6206 C   0  0  0  0  0  0
  -36.2559    8.2242  -22.6244 O   0  0  0  0  0  0
  -35.4718    7.0975  -24.9356 O   0  0  0  0  0  0
  1  2  1  0
  1 26  1  0
  2  3  1  0
  3  4  2  0
  3  5  1  0
  5  6  1  0
  6  7  1  0
  7  8  1  0
  8  9  1  0
  9 10  1  0
 10 11  1  0
 11 12  1  0
 11 13  1  0
 13 14  2  0
 13 15  1  0
 15 16  1  0
 16 17  1  0
 17 18  2  0
 17 19  1  0
 19 20  1  0
 20 21  1  0
 21 22  1  0
 22 23  1  0
 23 24  1  0
 24 25  1  0
 25 26  1  0
 25 28  1  0
 26 27  2  0
M  END
POSE 4
LIG
                    3D
  
 28 28  0  0  1  0            999 V2000
  -32.5601    9.8033  -24.5300 C   0  0  0  0  0  0
  -32.6578    8.3753  -23.9130 C   0  0  0  0  0  0
  -33.7105    7.4321  -24.5170 C   0  0  0  0  0  0
  -34.5587    7.8572  -25.3155 O   0  0  0  0  0  0
  -33.5902    6.1290  -24.2352 N   0  0  0  0  0  0
  -34.5507    5.0829  -24.5945 C   0  0  0  0  0  0
  -34.4077    4.5565  -26.0422 C   0  0  0  0  0  0
  -34.8864    5.5307  -27.1369 C   0  0  0  0  0  0
  -35.0711    4.9095  -28.5355 C   0  0  0  0  0  0
  -33.8076    4.7920  -29.4303 C   0  0  0  0  0  0
  -33.2531    6.0365  -30.0200 N   0  0  0  0  0  0
  -34.1935    7.1275  -29.9959 O   0  0  0  0  0  0
  -32.0098    6.4793  -29.7825 C   0  0  0  0  0  0
  -31.7022    6.7610  -28.6253 O   0  0  0  0  0  0
  -31.1763    7.0026  -30.9641 C   0  0  0  0  0  0
  -30.1110    8.0771  -30.5617 C   0  0  0  0  0  0
  -30.6595    9.3811  -29.9755 C   0  0  0  0  0  0
  -31.8880    9.4698  -29.7148 O   0  0  0  0  0  0
  -29.7694   10.3217  -29.6562 N   0  0  0  0  0  0
  -29.7888   11.7593  -29.9553 C   0  0  0  0  0  0
  -30.5993   12.7471  -29.0808 C   0  0  0  0  0  0
  -31.2754   12.2721  -27.7872 C   0  0  0  0  0  0
  -32.7655   12.7010  -27.7288 C   0  0  0  0  0  0
  -33.5801   12.1496  -26.5405 C   0  0  0  0  0  0
  -33.6278   10.6910  -26.5749 N   0  0  0  0  0  0
  -32.7215    9.8358  -26.0534 C   0  0  0  0  0  0
  -32.2130    8.9536  -26.7572 O   0  0  0  0  0  0
  -34.3876   10.2184  -27.7045 O   0  0  0  0  0  0
  1  2  1  0
  1 26  1  0
  2  3  1  0
  3  4  2  0
  3  5  1  0
  5  6  1  0
  6  7  1  0
  7  8  1  0
  8  9  1  0
  9 10  1  0
 10 11  1  0
 11 12  1  0
 11 13  1  0
 13 14  2  0
 13 15  1  0
 15 16  1  0
 16 17  1  0
 17 18  2  0
 17 19  1  0
 19 20  1  0
 20 21  1  0
 21 22  1  0
 22 23  1  0
 23 24  1  0
 24 25  1  0
 25 26  1  0
 25 28  1  0
 26 27  2  0
M  END
POSE 5
LIG
                    3D
  
 28 28  0  0  1  0            999 V2000
  -37.6266   14.5527  -30.7703 C   0  0  0  0  0  0
  -37.2295   14.6506  -32.2743 C   0  0  0  0  0  0
  -36.1473   13.6771  -32.7680 C   0  0  0  0  0  0
  -35.4965   12.9923  -31.9647 O   0  0  0  0  0  0
  -36.0305   13.5210  -34.0924 N   0  0  0  0  0  0
  -34.9877   12.7515  -34.7754 C   0  0  0  0  0  0
  -35.2594   11.2300  -34.8427 C   0  0  0  0  0  0
  -35.0946   10.4817  -33.5050 C   0  0  0  0  0  0
  -35.0246    8.9458  -33.6146 C   0  0  0  0  0  0
  -36.3730    8.1788  -33.6829 C   0  0  0  0  0  0
  -37.1858    8.0864  -32.4441 N   0  0  0  0  0  0
  -36.4243    8.3867  -31.2586 O   0  0  0  0  0  0
  -38.4332    8.5669  -32.3384 C   0  0  0  0  0  0
  -38.6081    9.7745  -32.4933 O   0  0  0  0  0  0
  -39.4977    7.7044  -31.6400 C   0  0  0  0  0  0
  -40.6410    8.5331  -30.9636 C   0  0  0  0  0  0
  -40.2131    9.4668  -29.8278 C   0  0  0  0  0  0
  -38.9867    9.6317  -29.5958 O   0  0  0  0  0  0
  -41.1772   10.1575  -29.2176 N   0  0  0  0  0  0
  -41.4151   10.3510  -27.7814 C   0  0  0  0  0  0
  -40.6421   11.4275  -26.9808 C   0  0  0  0  0  0
  -39.7225   12.4251  -27.6986 C   0  0  0  0  0  0
  -38.3201   12.4894  -27.0376 C   0  0  0  0  0  0
  -37.2690   13.3505  -27.7679 C   0  0  0  0  0  0
  -37.0107   12.8308  -29.1074 N   0  0  0  0  0  0
  -37.6946   13.1181  -30.2363 C   0  0  0  0  0  0
  -38.1631   12.2101  -30.9350 O   0  0  0  0  0  0
  -36.3611   11.5456  -29.0542 O   0  0  0  0  0  0
  1  2  1  0
  1 26  1  0
  2  3  1  0
  3  4  2  0
  3  5  1  0
  5  6  1  0
  6  7  1  0
  7  8  1  0
  8  9  1  0
  9 10  1  0
 10 11  1  0
 11 12  1  0
 11 13  1  0
 13 14  2  0
 13 15  1  0
 15 16  1  0
 16 17  1  0
 17 18  2  0
 17 19  1  0
 19 20  1  0
 20 21  1  0
 21 22  1  0
 22 23  1  0
 23 24  1  0
 24 25  1  0
 25 26  1  0
 25 28  1  0
 26 27  2  0
M  END
LIGAND 004 LIG
POSE 1
LIG
                    3D
  
 28 28  0  0  1  0            999 V2000
  -32.0447   11.7129  -31.1451 C   0  0  0  0  0  0
  -33.4773   12.3142  -31.2691 C   0  0  0  0  0  0
  -34.6473   11.3175  -31.2722 C   0  0  0  0  0  0
  -34.4411   10.0984  -31.3672 O   0  0  0  0  0  0
  -35.8694   11.8160  -31.0489 N   0  0  0  0  0  0
  -37.1277   11.0714  -31.1392 C   0  0  0  0  0  0
  -37.4737   10.2492  -29.8751 C   0  0  0  0  0  0
  -36.6110    8.9890  -29.6648 C   0  0  0  0  0  0
  -37.1504    7.9886  -28.6234 C   0  0  0  0  0  0
  -36.8091    8.2643  -27.1340 C   0  0  0  0  0  0
  -35.4137    8.0309  -26.6841 N   0  0  0  0  0  0
  -34.6661    7.2100  -27.6018 O   0  0  0  0  0  0
  -34.6329    8.9885  -26.1631 C   0  0  0  0  0  0
  -34.3600    9.9629  -26.8626 O   0  0  0  0  0  0
  -33.7921    8.6574  -24.9189 C   0  0  0  0  0  0
  -32.4783    9.5002  -24.7988 C   0  0  0  0  0  0
  -31.4519    9.3088  -25.9190 C   0  0  0  0  0  0
  -31.7617    8.6200  -26.9263 O   0  0  0  0  0  0
  -30.3122    9.9943  -25.8179 N   0  0  0  0  0  0
  -28.9302    9.5315  -25.9992 C   0  0  0  0  0  0
  -28.3060    9.4115  -27.4109 C   0  0  0  0  0  0
  -29.0613    9.9224  -28.6456 C   0  0  0  0  0  0
  -29.1121    8.8532  -29.7690 C   0  0  0  0  0  0
  -29.9743    9.2070  -30.9983 C   0  0  0  0  0  0
  -31.3711    9.3940  -30.6176 N   0  0  0  0  0  0
  -31.9469   10.5323  -30.1734 C   0  0  0  0  0  0
  -32.5761   10.5433  -29.1074 O   0  0  0  0  0  0
  -31.9651    8.1557  -30.1810 O   0  0  0  0  0  0
  1  2  1  0
  1 26  1  0
  2  3  1  0
  3  4  2  0
  3  5  1  0
  5  6  1  0
  6  7  1  0
  7  8  1  0
  8  9  1  0
  9 10  1  0
 10 11  1  0
 11 12  1  0
 11 13  1  0
 13 14  2  0
 13 15  1  0
 15 16  1  0
 16 17  1  0
 17 18  2  0
 17 19  1  0
 19 20  1  0
 20 21  1  0
 21 22  1  0
 22 23  1  0
 23 24  1  0
 24 25  1  0
 25 26  1  0
 25 28  1  0
 26 27  2  0
M  END
POSE 2
LIG
                    3D
  
 28 28  0  0  1  0            999 V2000
  -30.6158    2.5345  -31.9531 C   0  0  0  0  0  0
  -30.4721    1.5371  -30.7639 C   0  0  0  0  0  0
  -30.9883    2.0129  -29.3966 C   0  0  0  0  0  0
  -31.3186    3.1951  -29.2202 O   0  0  0  0  0  0
  -31.1742    1.0759  -28.4590 N   0  0  0  0  0  0
  -31.5298    1.3233  -27.0596 C   0  0  0  0  0  0
  -33.0407    1.5509  -26.8167 C   0  0  0  0  0  0
  -33.5802    2.9074  -27.3124 C   0  0  0  0  0  0
  -34.9766    3.2925  -26.7851 C   0  0  0  0  0  0
  -36.2031    2.7188  -27.5451 C   0  0  0  0  0  0
  -36.5177    3.2785  -28.8836 N   0  0  0  0  0  0
  -35.8728    4.5447  -29.1198 O   0  0  0  0  0  0
  -36.5446    2.5454  -30.0060 C   0  0  0  0  0  0
  -35.5081    1.9872  -30.3627 O   0  0  0  0  0  0
  -37.7005    2.7586  -30.9975 C   0  0  0  0  0  0
  -37.3292    2.4345  -32.4834 C   0  0  0  0  0  0
  -36.2307    3.3007  -33.1063 C   0  0  0  0  0  0
  -35.5951    4.1067  -32.3773 O   0  0  0  0  0  0
  -35.9224    3.0610  -34.3816 N   0  0  0  0  0  0
  -35.7410    4.0096  -35.4880 C   0  0  0  0  0  0
  -34.4012    4.7596  -35.6866 C   0  0  0  0  0  0
  -33.1771    4.4139  -34.8274 C   0  0  0  0  0  0
  -32.5391    5.6829  -34.2026 C   0  0  0  0  0  0
  -31.3915    5.4376  -33.2013 C   0  0  0  0  0  0
  -31.8593    4.6683  -32.0523 N   0  0  0  0  0  0
  -31.9294    3.3234  -31.9488 C   0  0  0  0  0  0
  -32.9911    2.7724  -31.6300 O   0  0  0  0  0  0
  -32.7925    5.4275  -31.2588 O   0  0  0  0  0  0
  1  2  1  0
  1 26  1  0
  2  3  1  0
  3  4  2  0
  3  5  1  0
  5  6  1  0
  6  7  1  0
  7  8  1  0
  8  9  1  0
  9 10  1  0
 10 11  1  0
 11 12  1  0
 11 13  1  0
 13 14  2  0
 13 15  1  0
 15 16  1  0
 16 17  1  0
 17 18  2  0
 17 19  1  0
 19 20  1  0
 20 21  1  0
 21 22  1  0
 22 23  1  0
 23 24  1  0
 24 25  1  0
 25 26  1  0
 25 28  1  0
 26 27  2  0
M  END
POSE 3
LIG
                    3D
  
 28 28  0  0  1  0            999 V2000
  -35.3999    4.9714  -30.4536 C   0  0  0  0  0  0
  -36.1205    5.8715  -31.5024 C   0  0  0  0  0  0
  -36.5504    7.2706  -31.0334 C   0  0  0  0  0  0
  -36.4972    7.5812  -29.8340 O   0  0  0  0  0  0
  -36.8638    8.1593  -31.9841 N   0  0  0  0  0  0
  -37.4207    9.4951  -31.7577 C   0  0  0  0  0  0
  -36.3680   10.5734  -31.4074 C   0  0  0  0  0  0
  -35.7685   10.4589  -29.9916 C   0  0  0  0  0  0
  -34.9892   11.6967  -29.5050 C   0  0  0  0  0  0
  -33.5035   11.8141  -29.9408 C   0  0  0  0  0  0
  -32.5174   10.9030  -29.3071 N   0  0  0  0  0  0
  -33.0151   10.3054  -28.0946 O   0  0  0  0  0  0
  -31.7701   10.0265  -29.9936 C   0  0  0  0  0  0
  -32.3437    9.1418  -30.6272 O   0  0  0  0  0  0
  -30.2782    9.8977  -29.6437 C   0  0  0  0  0  0
  -29.6761    8.4842  -29.9448 C   0  0  0  0  0  0
  -30.2753    7.3163  -29.1561 C   0  0  0  0  0  0
  -31.2887    7.5155  -28.4361 O   0  0  0  0  0  0
  -29.7538    6.1084  -29.3753 N   0  0  0  0  0  0
  -29.3389    5.0856  -28.4065 C   0  0  0  0  0  0
  -30.3703    4.1220  -27.7702 C   0  0  0  0  0  0
  -31.8272    4.1067  -28.2531 C   0  0  0  0  0  0
  -32.8243    4.2100  -27.0686 C   0  0  0  0  0  0
  -34.3123    4.3523  -27.4500 C   0  0  0  0  0  0
  -34.5381    5.5738  -28.2167 N   0  0  0  0  0  0
  -34.4181    5.7283  -29.5532 C   0  0  0  0  0  0
  -33.6994    6.6216  -30.0201 O   0  0  0  0  0  0
  -34.3222    6.7470  -27.4080 O   0  0  0  0  0  0
  1  2  1  0
  1 26  1  0
  2  3  1  0
  3  4  2  0
  3  5  1  0
  5  6  1  0
  6  7  1  0
  7  8  1  0
  8  9  1  0
  9 10  1  0
 10 11  1  0
 11 12  1  0
 11 13  1  0
 13 14  2  0
 13 15  1  0
 15 16  1  0
 16 17  1  0
 17 18  2  0
 17 19  1  0
 19 20  1  0
 20 21  1  0
 21 22  1  0
 22 23  1  0
 23 24  1  0
 24 25  1  0
 25 26  1  0
 25 28  1  0
 26 27  2  0
M  END
POSE 4
LIG
                    3D
  
 28 28  0  0  1  0            999 V2000
  -37.9991   13.6203  -30.9228 C   0  0  0  0  0  0
  -37.7678   13.5334  -32.4617 C   0  0  0  0  0  0
  -36.8126   12.4354  -32.9562 C   0  0  0  0  0  0
  -36.1211   11.7890  -32.1551 O   0  0  0  0  0  0
  -36.8556   12.1361  -34.2601 N   0  0  0  0  0  0
  -35.9477   11.2241  -34.9599 C   0  0  0  0  0  0
  -36.3224    9.7286  -34.8308 C   0  0  0  0  0  0
  -36.0569    9.1107  -33.4435 C   0  0  0  0  0  0
  -36.0983    7.5707  -33.3902 C   0  0  0  0  0  0
  -37.4923    6.9053  -33.2321 C   0  0  0  0  0  0
  -38.1651    7.0021  -31.9123 N   0  0  0  0  0  0
  -37.2577    7.3634  -30.8534 O   0  0  0  0  0  0
  -39.3594    7.5838  -31.7299 C   0  0  0  0  0  0
  -39.4725    8.7791  -31.9975 O   0  0  0  0  0  0
  -40.3919    6.8807  -30.8331 C   0  0  0  0  0  0
  -41.3963    7.8584  -30.1359 C   0  0  0  0  0  0
  -40.7845    8.8684  -29.1609 C   0  0  0  0  0  0
  -39.5317    8.9627  -29.0783 O   0  0  0  0  0  0
  -41.6276    9.6890  -28.5327 N   0  0  0  0  0  0
  -41.6898   10.0459  -27.1095 C   0  0  0  0  0  0
  -40.7643   11.1369  -26.5176 C   0  0  0  0  0  0
  -39.8689   11.9832  -27.4331 C   0  0  0  0  0  0
  -38.4000   12.0082  -26.9338 C   0  0  0  0  0  0
  -37.3844   12.7079  -27.8605 C   0  0  0  0  0  0
  -37.3121   12.0359  -29.1544 N   0  0  0  0  0  0
  -38.0985   12.2572  -30.2301 C   0  0  0  0  0  0
  -38.6999   11.3206  -30.7718 O   0  0  0  0  0  0
  -36.7445   10.7173  -29.0286 O   0  0  0  0  0  0
  1  2  1  0
  1 26  1  0
  2  3  1  0
  3  4  2  0
  3  5  1  0
  5  6  1  0
  6  7  1  0
  7  8  1  0
  8  9  1  0
  9 10  1  0
 10 11  1  0
 11 12  1  0
 11 13  1  0
 13 14  2  0
 13 15  1  0
 15 16  1  0
 16 17  1  0
 17 18  2  0
 17 19  1  0
 19 20  1  0
 20 21  1  0
 21 22  1  0
 22 23  1  0
 23 24  1  0
 24 25  1  0
 25 26  1  0
 25 28  1  0
 26 27  2  0
M  END
POSE 5
LIG
                    3D
  
 28 28  0  0  1  0            999 V2000
  -33.8004    9.3277  -24.2068 C   0  0  0  0  0  0
  -34.2370    7.8739  -23.8529 C   0  0  0  0  0  0
  -35.0800    7.1308  -24.9015 C   0  0  0  0  0  0
  -35.5442    7.7308  -25.8825 O   0  0  0  0  0  0
  -35.1827    5.8030  -24.7671 N   0  0  0  0  0  0
  -36.0368    4.9244  -25.5698 C   0  0  0  0  0  0
  -35.4295    4.5170  -26.9331 C   0  0  0  0  0  0
  -35.3962    5.6392  -27.9897 C   0  0  0  0  0  0
  -35.1192    5.1755  -29.4335 C   0  0  0  0  0  0
  -33.6338    4.9795  -29.8412 C   0  0  0  0  0  0
  -32.7987    6.1914  -30.0350 N   0  0  0  0  0  0
  -33.5863    7.3865  -30.1976 O   0  0  0  0  0  0
  -31.6903    6.4491  -29.3256 C   0  0  0  0  0  0
  -31.7960    6.5836  -28.1075 O   0  0  0  0  0  0
  -30.4458    6.9667  -30.0658 C   0  0  0  0  0  0
  -29.5073    7.8560  -29.1831 C   0  0  0  0  0  0
  -30.1144    9.1609  -28.6598 C   0  0  0  0  0  0
  -31.3419    9.3812  -28.8325 O   0  0  0  0  0  0
  -29.3204    9.9477  -27.9322 N   0  0  0  0  0  0
  -29.1060   11.3974  -28.0303 C   0  0  0  0  0  0
  -30.0876   12.3970  -27.3713 C   0  0  0  0  0  0
  -31.2219   11.8970  -26.4661 C   0  0  0  0  0  0
  -32.5901   12.5051  -26.8734 C   0  0  0  0  0  0
  -33.8220   11.9568  -26.1239 C   0  0  0  0  0  0
  -33.9806   10.5252  -26.3616 N   0  0  0  0  0  0
  -33.4002    9.5180  -25.6736 C   0  0  0  0  0  0
  -32.7514    8.6454  -26.2652 O   0  0  0  0  0  0
  -34.3218   10.2572  -27.7358 O   0  0  0  0  0  0
  1  2  1  0
  1 26  1  0
  2  3  1  0
  3  4  2  0
  3  5  1  0
  5  6  1  0
  6  7  1  0
  7  8  1  0
  8  9  1  0
  9 10  1  0
 10 11  1  0
 11 12  1  0
 11 13  1  0
 13 14  2  0
 13 15  1  0
 15 16  1  0
 16 17  1  0
 17 18  2  0
 17 19  1  0
 19 20  1  0
 20 21  1  0
 21 22  1  0
 22 23  1  0
 23 24  1  0
 24 25  1  0
 25 26  1  0
 25 28  1  0
 26 27  2  0
M  END
LIGAND 005 LIG
POSE 1
LIG
                    3D
  
 28 28  0  0  1  0            999 V2000
  -30.6590    5.6298  -27.4878 C   0  0  0  0  0  0
  -31.0751    4.7054  -26.3079 C   0  0  0  0  0  0
  -32.5834    4.4480  -26.2065 C   0  0  0  0  0  0
  -33.1524    3.8932  -27.1545 O   0  0  0  0  0  0
  -33.2207    5.0436  -25.1970 N   0  0  0  0  0  0
  -34.6201    4.9395  -24.7700 C   0  0  0  0  0  0
  -35.6590    4.5091  -25.8322 C   0  0  0  0  0  0
  -36.0161    5.5845  -26.8677 C   0  0  0  0  0  0
  -35.8997    5.1420  -28.3336 C   0  0  0  0  0  0
  -36.3944    6.2552  -29.2791 C   0  0  0  0  0  0
  -35.4800    7.1421  -30.0462 N   0  0  0  0  0  0
  -34.5006    7.8859  -29.2944 O   0  0  0  0  0  0
  -35.0554    6.9610  -31.3728 C   0  0  0  0  0  0
  -34.7403    5.8707  -31.8654 O   0  0  0  0  0  0
  -35.0223    8.2524  -32.2264 C   0  0  0  0  0  0
  -33.8230    8.4463  -33.1844 C   0  0  0  0  0  0
  -32.4812    7.8297  -32.7833 C   0  0  0  0  0  0
  -32.3951    7.2568  -31.6760 O   0  0  0  0  0  0
  -31.5033    7.8908  -33.6866 N   0  0  0  0  0  0
  -30.2165    7.1932  -33.6450 C   0  0  0  0  0  0
  -29.3035    7.6853  -32.5058 C   0  0  0  0  0  0
  -28.6090    6.5530  -31.7195 C   0  0  0  0  0  0
  -29.2900    6.1956  -30.3872 C   0  0  0  0  0  0
  -30.3679    5.1028  -30.4788 C   0  0  0  0  0  0
  -31.6246    5.5275  -29.8224 N   0  0  0  0  0  0
  -31.7354    5.9810  -28.5271 C   0  0  0  0  0  0
  -32.6561    6.7249  -28.2194 O   0  0  0  0  0  0
  -32.5113    4.4075  -29.9082 O   0  0  0  0  0  0
  1  2  1  0
  1 26  1  0
  2  3  1  0
  3  4  2  0
  3  5  1  0
  5  6  1  0
  6  7  1  0
  7  8  1  0
  8  9  1  0
  9 10  1  0
 10 11  1  0
 11 12  1  0
 11 13  1  0
 13 14  2  0
 13 15  1  0
 15 16  1  0
 16 17  1  0
 17 18  2  0
 17 19  1  0
 19 20  1  0
 20 21  1  0
 21 22  1  0
 22 23  1  0
 23 24  1  0
 24 25  1  0
 25 26  1  0
 25 28  1  0
 26 27  2  0
M  END
POSE 2
LIG
                    3D
  
 28 28  0  0  1  0            999 V2000
  -36.0232    7.3142  -32.4175 C   0  0  0  0  0  0
  -37.5032    7.6333  -32.0601 C   0  0  0  0  0  0
  -37.8907    7.3033  -30.6135 C   0  0  0  0  0  0
  -37.2952    7.8819  -29.6965 O   0  0  0  0  0  0
  -38.6879    6.2480  -30.4385 N   0  0  0  0  0  0
  -39.3050    5.7222  -29.2161 C   0  0  0  0  0  0
  -38.6212    6.0603  -27.8704 C   0  0  0  0  0  0
  -37.3218    5.2932  -27.5889 C   0  0  0  0  0  0
  -36.1171    6.1679  -27.2121 C   0  0  0  0  0  0
  -34.9050    5.2920  -26.8357 C   0  0  0  0  0  0
  -33.7530    5.0562  -27.7460 N   0  0  0  0  0  0
  -34.0443    4.5128  -29.0488 O   0  0  0  0  0  0
  -32.5404    5.7650  -27.7630 C   0  0  0  0  0  0
  -32.4428    6.9907  -27.6264 O   0  0  0  0  0  0
  -31.2780    4.8880  -27.9489 C   0  0  0  0  0  0
  -30.1653    5.4241  -28.8808 C   0  0  0  0  0  0
  -30.5821    6.3197  -30.0494 C   0  0  0  0  0  0
  -31.8002    6.5246  -30.2392 O   0  0  0  0  0  0
  -29.5978    6.8797  -30.7519 N   0  0  0  0  0  0
  -29.7200    7.9362  -31.7584 C   0  0  0  0  0  0
  -30.4691    7.4761  -33.0236 C   0  0  0  0  0  0
  -31.5149    8.4867  -33.5408 C   0  0  0  0  0  0
  -32.9634    8.1643  -33.1353 C   0  0  0  0  0  0
  -33.4209    8.7842  -31.8045 C   0  0  0  0  0  0
  -34.0374    7.7700  -30.9202 N   0  0  0  0  0  0
  -35.0801    6.9389  -31.2634 C   0  0  0  0  0  0
  -35.2141    5.8643  -30.6952 O   0  0  0  0  0  0
  -34.4849    8.4792  -29.7605 O   0  0  0  0  0  0
  1  2  1  0
  1 26  1  0
  2  3  1  0
  3  4  2  0
  3  5  1  0
  5  6  1  0
  6  7  1  0
  7  8  1  0
  8  9  1  0
  9 10  1  0
 10 11  1  0
 11 12  1  0
 11 13  1  0
 13 14  2  0
 13 15  1  0
 15 16  1  0
 16 17  1  0
 17 18  2  0
 17 19  1  0
 19 20  1  0
 20 21  1  0
 21 22  1  0
 22 23  1  0
 23 24  1  0
 24 25  1  0
 25 26  1  0
 25 28  1  0
 26 27  2  0
M  END
POSE 3
LIG
                    3D
  
 28 28  0  0  1  0            999 V2000
  -31.2170    7.6635  -25.2041 C   0  0  0  0  0  0
  -30.2648    8.8143  -24.7697 C   0  0  0  0  0  0
  -30.7703   10.2198  -25.1169 C   0  0  0  0  0  0
  -31.8406   10.5998  -24.6267 O   0  0  0  0  0  0
  -30.1336   10.8527  -26.1040 N   0  0  0  0  0  0
  -30.3048   12.2158  -26.6178 C   0  0  0  0  0  0
  -31.6753   12.8962  -26.3903 C   0  0  0  0  0  0
  -32.8153   12.3783  -27.2782 C   0  0  0  0  0  0
  -34.0867   11.9570  -26.5269 C   0  0  0  0  0  0
  -35.2019   11.5697  -27.5189 C   0  0  0  0  0  0
  -35.5739   10.1620  -27.8215 N   0  0  0  0  0  0
  -34.5255    9.2905  -28.2894 O   0  0  0  0  0  0
  -36.6054    9.4210  -27.2217 C   0  0  0  0  0  0
  -36.8773    9.4472  -26.0151 O   0  0  0  0  0  0
  -37.4315    8.5489  -28.1987 C   0  0  0  0  0  0
  -37.8304    7.1299  -27.7287 C   0  0  0  0  0  0
  -36.8928    6.4089  -26.7579 C   0  0  0  0  0  0
  -35.8200    6.9656  -26.4401 O   0  0  0  0  0  0
  -37.3251    5.2503  -26.2612 N   0  0  0  0  0  0
  -36.7343    4.4841  -25.1620 C   0  0  0  0  0  0
  -35.3473    3.9098  -25.5081 C   0  0  0  0  0  0
  -34.2957    4.0827  -24.3915 C   0  0  0  0  0  0
  -33.3377    5.2681  -24.6002 C   0  0  0  0  0  0
  -33.8068    6.6000  -23.9915 C   0  0  0  0  0  0
  -33.7352    7.6999  -24.9792 N   0  0  0  0  0  0
  -32.6179    8.0524  -25.7026 C   0  0  0  0  0  0
  -32.7437    8.6146  -26.7813 O   0  0  0  0  0  0
  -34.1202    8.8856  -24.2763 O   0  0  0  0  0  0
  1  2  1  0
  1 26  1  0
  2  3  1  0
  3  4  2  0
  3  5  1  0
  5  6  1  0
  6  7  1  0
  7  8  1  0
  8  9  1  0
  9 10  1  0
 10 11  1  0
 11 12  1  0
 11 13  1  0
 13 14  2  0
 13 15  1  0
 15 16  1  0
 16 17  1  0
 17 18  2  0
 17 19  1  0
 19 20  1  0
 20 21  1  0
 21 22  1  0
 22 23  1  0
 23 24  1  0
 24 25  1  0
 25 26  1  0
 25 28  1  0
 26 27  2  0
M  END
POSE 4
LIG
                    3D
  
 28 28  0  0  1  0            999 V2000
  -37.7863    7.8249  -26.6020 C   0  0  0  0  0  0
  -38.0164    6.2912  -26.4811 C   0  0  0  0  0  0
  -37.4451    5.4714  -27.6444 C   0  0  0  0  0  0
  -36.2264    5.5127  -27.8528 O   0  0  0  0  0  0
  -38.3313    4.9470  -28.4927 N   0  0  0  0  0  0
  -38.1286    4.0553  -29.6395 C   0  0  0  0  0  0
  -36.7374    4.0692  -30.3157 C   0  0  0  0  0  0
  -36.4441    5.3051  -31.1774 C   0  0  0  0  0  0
  -35.1262    6.0253  -30.8569 C   0  0  0  0  0  0
  -34.8762    7.1731  -31.8558 C   0  0  0  0  0  0
  -35.1026    8.6058  -31.5278 N   0  0  0  0  0  0
  -36.4167    8.9750  -31.0644 O   0  0  0  0  0  0
  -34.1403    9.5236  -31.0758 C   0  0  0  0  0  0
  -33.2576    9.2637  -30.2488 O   0  0  0  0  0  0
  -34.2362   10.9318  -31.7123 C   0  0  0  0  0  0
  -34.0220   12.1520  -30.7855 C   0  0  0  0  0  0
  -34.4237   12.0120  -29.3156 C   0  0  0  0  0  0
  -34.9647   10.9487  -28.9437 O   0  0  0  0  0  0
  -34.1020   13.0242  -28.5107 N   0  0  0  0  0  0
  -34.1681   13.0461  -27.0480 C   0  0  0  0  0  0
  -35.6104   12.9726  -26.5112 C   0  0  0  0  0  0
  -35.7959   11.9945  -25.3316 C   0  0  0  0  0  0
  -36.3730   10.6247  -25.7280 C   0  0  0  0  0  0
  -35.3275    9.5585  -26.0944 C   0  0  0  0  0  0
  -35.6443    8.9140  -27.3886 N   0  0  0  0  0  0
  -36.8415    8.3150  -27.7107 C   0  0  0  0  0  0
  -37.1871    8.2364  -28.8812 O   0  0  0  0  0  0
  -34.6515    7.9005  -27.5769 O   0  0  0  0  0  0
  1  2  1  0
  1 26  1  0
  2  3  1  0
  3  4  2  0
  3  5  1  0
  5  6  1  0
  6  7  1  0
  7  8  1  0
  8  9  1  0
  9 10  1  0
 10 11  1  0
 11 12  1  0
 11 13  1  0
 13 14  2  0
 13 15  1  0
 15 16  1  0
 16 17  1  0
 17 18  2  0
 17 19  1  0
 19 20  1  0
 20 21  1  0
 21 22  1  0
 22 23  1  0
 23 24  1  0
 24 25  1  0
 25 26  1  0
 25 28  1  0
 26 27  2  0
M  END
POSE 5
LIG
                    3D
  
 28 28  0  0  1  0            999 V2000
  -32.5210   11.4859  -30.9896 C   0  0  0  0  0  0
  -32.0506   11.0710  -32.4131 C   0  0  0  0  0  0
  -32.6565    9.7576  -32.9227 C   0  0  0  0  0  0
  -33.8850    9.6840  -33.0480 O   0  0  0  0  0  0
  -31.8347    8.7082  -32.9815 N   0  0  0  0  0  0
  -32.0670    7.3536  -33.4940 C   0  0  0  0  0  0
  -33.5280    6.8469  -33.5319 C   0  0  0  0  0  0
  -34.1235    6.4729  -32.1674 C   0  0  0  0  0  0
  -35.4732    7.1298  -31.8431 C   0  0  0  0  0  0
  -36.0330    6.5939  -30.5100 C   0  0  0  0  0  0
  -35.9768    7.3563  -29.2346 N   0  0  0  0  0  0
  -34.6790    7.7970  -28.7881 O   0  0  0  0  0  0
  -36.9889    8.1706  -28.7003 C   0  0  0  0  0  0
  -37.6938    8.9399  -29.3651 O   0  0  0  0  0  0
  -37.1966    8.0306  -27.1723 C   0  0  0  0  0  0
  -37.4528    9.3244  -26.3635 C   0  0  0  0  0  0
  -36.8259   10.6230  -26.8755 C   0  0  0  0  0  0
  -36.0848   10.5720  -27.8804 O   0  0  0  0  0  0
  -37.1741   11.7430  -26.2428 N   0  0  0  0  0  0
  -36.9005   13.1183  -26.6645 C   0  0  0  0  0  0
  -35.4009   13.4698  -26.6293 C   0  0  0  0  0  0
  -34.9030   14.2374  -27.8725 C   0  0  0  0  0  0
  -34.1926   13.3600  -28.9174 C   0  0  0  0  0  0
  -35.1101   12.7557  -29.9932 C   0  0  0  0  0  0
  -34.8923   11.2984  -30.1321 N   0  0  0  0  0  0
  -33.6789   10.6909  -30.3657 C   0  0  0  0  0  0
  -33.4989    9.5346  -30.0103 O   0  0  0  0  0  0
  -35.7402   10.8743  -31.2042 O   0  0  0  0  0  0
  1  2  1  0
  1 26  1  0
  2  3  1  0
  3  4  2  0
  3  5  1  0
  5  6  1  0
  6  7  1  0
  7  8  1  0
  8  9  1  0
  9 10  1  0
 10 11  1  0
 11 12  1  0
 11 13  1  0
 13 14  2  0
 13 15  1  0
 15 16  1  0
 16 17  1  0
 17 18  2  0
 17 19  1  0
 19 20  1  0
 20 21  1  0
 21 22  1  0
 22 23  1  0
 23 24  1  0
 24 25  1  0
 25 26  1  0
 25 28  1  0
 26 27  2  0
M  END
LIGAND 006 NA 
POSE 1
NA 
                    3D
  
  1  0  0  0  1  0            999 V2000
  -10.5191  -21.5764   14.4832 Na  0  3  0  0  0  0
M  CHG  1   1   1
M  END
POSE 2
NA 
                    3D
  
  1  0  0  0  1  0            999 V2000
  -10.5191  -21.5764   14.4832 Na  0  3  0  0  0  0
M  CHG  1   1   1
M  END
POSE 3
NA 
                    3D
  
  1  0  0  0  1  0            999 V2000
  -10.5191  -21.5764   14.4832 Na  0  3  0  0  0  0
M  CHG  1   1   1
M  END
POSE 4
NA 
                    3D
  
  1  0  0  0  1  0            999 V2000
  -10.5191  -21.5764   14.4832 Na  0  3  0  0  0  0
M  CHG  1   1   1
M  END
POSE 5
NA 
                    3D
  
  1  0  0  0  1  0            999 V2000
  -10.5191  -21.5764   14.4832 Na  0  3  0  0  0  0
M  CHG  1   1   1
M  END
LIGAND 007 NA 
POSE 1
NA 
                    3D
  
  1  0  0  0  1  0            999 V2000
  -32.9370   -8.6700   12.6720 Na  0  3  0  0  0  0
M  CHG  1   1   1
M  END
POSE 2
NA 
                    3D
  
  1  0  0  0  1  0            999 V2000
  -32.9370   -8.6700   12.6720 Na  0  3  0  0  0  0
M  CHG  1   1   1
M  END
POSE 3
NA 
                    3D
  
  1  0  0  0  1  0            999 V2000
  -32.9370   -8.6700   12.6720 Na  0  3  0  0  0  0
M  CHG  1   1   1
M  END
POSE 4
NA 
                    3D
  
  1  0  0  0  1  0            999 V2000
  -32.9370   -8.6700   12.6720 Na  0  3  0  0  0  0
M  CHG  1   1   1
M  END
POSE 5
NA 
                    3D
  
  1  0  0  0  1  0            999 V2000
  -32.9370   -8.6700   12.6720 Na  0  3  0  0  0  0
M  CHG  1   1   1
M  END
LIGAND 008 SO4
POSE 1
SO4
                    3D
  
  5  4  0  0  1  0            999 V2000
  -36.7430   12.5160    1.5030 S   0  0  0  0  0  0
  -37.5770   13.6040    1.0970 O   0  0  0  0  0  0
  -36.7600   11.4940    0.5020 O   0  0  0  0  0  0
  -35.4070   12.9870    1.6820 O   0  5  0  0  0  0
  -37.2310   11.9770    2.7330 O   0  5  0  0  0  0
  1  2  2  0  0  0
  1  3  2  0  0  0
  1  4  1  0  0  0
  1  5  1  0  0  0
M  CHG  2   4  -1   5  -1
M  END
POSE 2
SO4
                    3D
  
  5  4  0  0  1  0            999 V2000
  -35.6070    9.7110    5.8160 S   0  0  0  0  0  0
  -34.7300   10.7520    5.2910 O   0  0  0  0  0  0
  -35.5940    8.5680    4.9390 O   0  0  0  0  0  0
  -36.9270   10.2190    5.9110 O   0  5  0  0  0  0
  -35.2040    9.3080    7.1320 O   0  5  0  0  0  0
  1  2  2  0  0  0
  1  3  2  0  0  0
  1  4  1  0  0  0
  1  5  1  0  0  0
M  CHG  2   4  -1   5  -1
M  END
POSE 3
SO4
                    3D
  
  5  4  0  0  1  0            999 V2000
  -40.0130   -4.2280    0.9130 S   0  0  0  0  0  0
  -39.2250   -3.8800   -0.2480 O   0  0  0  0  0  0
  -40.6820   -5.4990    0.6730 O   0  0  0  0  0  0
  -40.9970   -3.2080    1.1720 O   0  5  0  0  0  0
  -39.1400   -4.3060    2.0620 O   0  5  0  0  0  0
  1  2  2  0  0  0
  1  3  2  0  0  0
  1  4  1  0  0  0
  1  5  1  0  0  0
M  CHG  2   4  -1   5  -1
M  END
POSE 4
SO4
                    3D
  
  5  4  0  0  1  0            999 V2000
  -36.7430   12.5160    1.5030 S   0  0  0  0  0  0
  -37.5770   13.6040    1.0970 O   0  0  0  0  0  0
  -36.7600   11.4940    0.5020 O   0  0  0  0  0  0
  -35.4070   12.9870    1.6820 O   0  5  0  0  0  0
  -37.2310   11.9770    2.7330 O   0  5  0  0  0  0
  1  2  2  0  0  0
  1  3  2  0  0  0
  1  4  1  0  0  0
  1  5  1  0  0  0
M  CHG  2   4  -1   5  -1
M  END
POSE 5
SO4
                    3D
  
  5  4  0  0  1  0            999 V2000
  -35.6070    9.7110    5.8160 S   0  0  0  0  0  0
  -34.7300   10.7520    5.2910 O   0  0  0  0  0  0
  -35.5940    8.5680    4.9390 O   0  0  0  0  0  0
  -36.9270   10.2190    5.9110 O   0  5  0  0  0  0
  -35.2040    9.3080    7.1320 O   0  5  0  0  0  0
  1  2  2  0  0  0
  1  3  2  0  0  0
  1  4  1  0  0  0
  1  5  1  0  0  0
M  CHG  2   4  -1   5  -1
M  END
LIGAND 009 SO4
POSE 1
SO4
                    3D
  
  5  4  0  0  1  0            999 V2000
  -35.6070    9.7110    5.8160 S   0  0  0  0  0  0
  -34.7300   10.7520    5.2910 O   0  0  0  0  0  0
  -35.5940    8.5680    4.9390 O   0  0  0  0  0  0
  -36.9270   10.2190    5.9110 O   0  5  0  0  0  0
  -35.2040    9.3080    7.1320 O   0  5  0  0  0  0
  1  2  2  0  0  0
  1  3  2  0  0  0
  1  4  1  0  0  0
  1  5  1  0  0  0
M  CHG  2   4  -1   5  -1
M  END
POSE 2
SO4
                    3D
  
  5  4  0  0  1  0            999 V2000
  -40.0130   -4.2280    0.9130 S   0  0  0  0  0  0
  -39.2250   -3.8800   -0.2480 O   0  0  0  0  0  0
  -40.6820   -5.4990    0.6730 O   0  0  0  0  0  0
  -40.9970   -3.2080    1.1720 O   0  5  0  0  0  0
  -39.1400   -4.3060    2.0620 O   0  5  0  0  0  0
  1  2  2  0  0  0
  1  3  2  0  0  0
  1  4  1  0  0  0
  1  5  1  0  0  0
M  CHG  2   4  -1   5  -1
M  END
POSE 3
SO4
                    3D
  
  5  4  0  0  1  0            999 V2000
  -36.7430   12.5160    1.5030 S   0  0  0  0  0  0
  -37.5770   13.6040    1.0970 O   0  0  0  0  0  0
  -36.7600   11.4940    0.5020 O   0  0  0  0  0  0
  -35.4070   12.9870    1.6820 O   0  5  0  0  0  0
  -37.2310   11.9770    2.7330 O   0  5  0  0  0  0
  1  2  2  0  0  0
  1  3  2  0  0  0
  1  4  1  0  0  0
  1  5  1  0  0  0
M  CHG  2   4  -1   5  -1
M  END
POSE 4
SO4
                    3D
  
  5  4  0  0  1  0            999 V2000
  -35.6070    9.7110    5.8160 S   0  0  0  0  0  0
  -34.7300   10.7520    5.2910 O   0  0  0  0  0  0
  -35.5940    8.5680    4.9390 O   0  0  0  0  0  0
  -36.9270   10.2190    5.9110 O   0  5  0  0  0  0
  -35.2040    9.3080    7.1320 O   0  5  0  0  0  0
  1  2  2  0  0  0
  1  3  2  0  0  0
  1  4  1  0  0  0
  1  5  1  0  0  0
M  CHG  2   4  -1   5  -1
M  END
POSE 5
SO4
                    3D
  
  5  4  0  0  1  0            999 V2000
  -40.0130   -4.2280    0.9130 S   0  0  0  0  0  0
  -39.2250   -3.8800   -0.2480 O   0  0  0  0  0  0
  -40.6820   -5.4990    0.6730 O   0  0  0  0  0  0
  -40.9970   -3.2080    1.1720 O   0  5  0  0  0  0
  -39.1400   -4.3060    2.0620 O   0  5  0  0  0  0
  1  2  2  0  0  0
  1  3  2  0  0  0
  1  4  1  0  0  0
  1  5  1  0  0  0
M  CHG  2   4  -1   5  -1
M  END
END
