PFRMAT LG
TARGET T1118
MODEL 1
LIGAND 001 FE 
POSE 1
FE 
                    3D
  
  1  0  0  0  1  0            999 V2000
  -33.1167    8.1176  -28.6638 Fe  0  1  0  0  0  0
M  CHG  1   1   3
M  END
POSE 2
FE 
                    3D
  
  1  0  0  0  1  0            999 V2000
  -33.7415    8.3249  -28.5819 Fe  0  1  0  0  0  0
M  CHG  1   1   3
M  END
POSE 3
FE 
                    3D
  
  1  0  0  0  1  0            999 V2000
  -33.0947    9.2906  -28.1297 Fe  0  1  0  0  0  0
M  CHG  1   1   3
M  END
POSE 4
FE 
                    3D
  
  1  0  0  0  1  0            999 V2000
  -34.1758    7.9450  -28.2856 Fe  0  1  0  0  0  0
M  CHG  1   1   3
M  END
POSE 5
FE 
                    3D
  
  1  0  0  0  1  0            999 V2000
  -33.4832    8.3022  -28.9029 Fe  0  1  0  0  0  0
M  CHG  1   1   3
M  END
LIGAND 002 LIG
POSE 1
LIG
                    3D
  
 28 28  0  0  1  0            999 V2000
  -32.6411   11.5175  -30.7717 C   0  0  0  0  0  0
  -33.0840   12.6648  -29.8192 C   0  0  0  0  0  0
  -33.8490   12.1958  -28.5757 C   0  0  0  0  0  0
  -33.2784   11.4366  -27.7831 O   0  0  0  0  0  0
  -35.1570   12.4585  -28.5492 N   0  0  0  0  0  0
  -36.1457   12.2284  -27.4906 C   0  0  0  0  0  0
  -35.8378   11.1200  -26.4566 C   0  0  0  0  0  0
  -36.0013    9.6836  -26.9727 C   0  0  0  0  0  0
  -34.7909    8.7667  -26.7430 C   0  0  0  0  0  0
  -35.1079    7.3251  -27.1892 C   0  0  0  0  0  0
  -34.6177    6.7378  -28.4643 N   0  0  0  0  0  0
  -34.9430    7.4404  -29.6802 O   0  0  0  0  0  0
  -33.4653    5.9535  -28.6368 C   0  0  0  0  0  0
  -32.3802    6.1709  -28.0839 O   0  0  0  0  0  0
  -33.6415    4.7387  -29.5804 C   0  0  0  0  0  0
  -32.4892    4.4232  -30.5636 C   0  0  0  0  0  0
  -31.6396    5.5919  -31.0672 C   0  0  0  0  0  0
  -31.9516    6.7504  -30.7178 O   0  0  0  0  0  0
  -30.5710    5.2799  -31.7999 N   0  0  0  0  0  0
  -29.4867    6.1753  -32.2081 C   0  0  0  0  0  0
  -29.9469    7.2631  -33.1974 C   0  0  0  0  0  0
  -29.4098    8.6747  -32.8784 C   0  0  0  0  0  0
  -30.4099    9.5827  -32.1427 C   0  0  0  0  0  0
  -30.3506    9.5085  -30.6079 C   0  0  0  0  0  0
  -31.6943    9.2949  -30.0253 N   0  0  0  0  0  0
  -32.8030   10.0747  -30.2672 C   0  0  0  0  0  0
  -33.9219    9.5953  -30.1485 O   0  0  0  0  0  0
  -31.5163    9.3208  -28.6056 O   0  0  0  0  0  0
  1  2  1  0
  1 26  1  0
  2  3  1  0
  3  4  2  0
  3  5  1  0
  5  6  1  0
  6  7  1  0
  7  8  1  0
  8  9  1  0
  9 10  1  0
 10 11  1  0
 11 12  1  0
 11 13  1  0
 13 14  2  0
 13 15  1  0
 15 16  1  0
 16 17  1  0
 17 18  2  0
 17 19  1  0
 19 20  1  0
 20 21  1  0
 21 22  1  0
 22 23  1  0
 23 24  1  0
 24 25  1  0
 25 26  1  0
 25 28  1  0
 26 27  2  0
M  END
POSE 2
LIG
                    3D
  
 28 28  0  0  1  0            999 V2000
  -33.7589    9.5561  -24.3311 C   0  0  0  0  0  0
  -34.1204    8.1685  -23.7203 C   0  0  0  0  0  0
  -35.1017    7.2961  -24.5194 C   0  0  0  0  0  0
  -35.7143    7.7600  -25.4927 O   0  0  0  0  0  0
  -35.1673    6.0001  -24.1906 N   0  0  0  0  0  0
  -36.1214    5.0274  -24.7287 C   0  0  0  0  0  0
  -35.7196    4.4317  -26.0988 C   0  0  0  0  0  0
  -35.8579    5.3980  -27.2919 C   0  0  0  0  0  0
  -35.7941    4.7383  -28.6838 C   0  0  0  0  0  0
  -34.3841    4.4753  -29.2784 C   0  0  0  0  0  0
  -33.6017    5.6417  -29.7589 N   0  0  0  0  0  0
  -34.4190    6.8101  -29.9638 O   0  0  0  0  0  0
  -32.4029    5.9845  -29.2652 C   0  0  0  0  0  0
  -32.3271    6.2856  -28.0750 O   0  0  0  0  0  0
  -31.2892    6.3846  -30.2471 C   0  0  0  0  0  0
  -30.2400    7.3783  -29.6447 C   0  0  0  0  0  0
  -30.7775    8.7479  -29.2200 C   0  0  0  0  0  0
  -32.0195    8.9533  -29.2358 O   0  0  0  0  0  0
  -29.8931    9.6200  -28.7340 N   0  0  0  0  0  0
  -29.7131   11.0406  -29.0605 C   0  0  0  0  0  0
  -30.5970   12.1298  -28.4052 C   0  0  0  0  0  0
  -31.5774   11.7686  -27.2807 C   0  0  0  0  0  0
  -32.9982   12.3272  -27.5582 C   0  0  0  0  0  0
  -34.0978   11.8977  -26.5650 C   0  0  0  0  0  0
  -34.2731   10.4484  -26.5780 N   0  0  0  0  0  0
  -33.5845    9.5401  -25.8533 C   0  0  0  0  0  0
  -33.0210    8.5888  -26.4103 O   0  0  0  0  0  0
  -34.8124    9.9976  -27.8361 O   0  0  0  0  0  0
  1  2  1  0
  1 26  1  0
  2  3  1  0
  3  4  2  0
  3  5  1  0
  5  6  1  0
  6  7  1  0
  7  8  1  0
  8  9  1  0
  9 10  1  0
 10 11  1  0
 11 12  1  0
 11 13  1  0
 13 14  2  0
 13 15  1  0
 15 16  1  0
 16 17  1  0
 17 18  2  0
 17 19  1  0
 19 20  1  0
 20 21  1  0
 21 22  1  0
 22 23  1  0
 23 24  1  0
 24 25  1  0
 25 26  1  0
 25 28  1  0
 26 27  2  0
M  END
POSE 3
LIG
                    3D
  
 28 28  0  0  1  0            999 V2000
  -32.7262    9.1816  -32.1398 C   0  0  0  0  0  0
  -32.2876   10.6142  -32.5579 C   0  0  0  0  0  0
  -32.4493   11.6720  -31.4596 C   0  0  0  0  0  0
  -31.8185   11.5292  -30.4051 O   0  0  0  0  0  0
  -33.4340   12.5567  -31.6277 N   0  0  0  0  0  0
  -33.7990   13.7282  -30.8243 C   0  0  0  0  0  0
  -33.3697   13.7351  -29.3383 C   0  0  0  0  0  0
  -34.1797   12.8077  -28.4216 C   0  0  0  0  0  0
  -33.3437   11.8463  -27.5641 C   0  0  0  0  0  0
  -34.2473   11.0511  -26.6002 C   0  0  0  0  0  0
  -34.6388    9.6349  -26.8282 N   0  0  0  0  0  0
  -35.2908    9.3252  -28.0759 O   0  0  0  0  0  0
  -34.0072    8.4961  -26.3016 C   0  0  0  0  0  0
  -32.7818    8.3546  -26.2075 O   0  0  0  0  0  0
  -34.9703    7.3901  -25.8052 C   0  0  0  0  0  0
  -34.5952    5.9219  -26.1168 C   0  0  0  0  0  0
  -33.7969    5.6436  -27.3923 C   0  0  0  0  0  0
  -33.5411    6.5988  -28.1562 O   0  0  0  0  0  0
  -33.3676    4.3941  -27.5662 N   0  0  0  0  0  0
  -32.4106    3.9192  -28.5677 C   0  0  0  0  0  0
  -32.9495    4.0196  -30.0076 C   0  0  0  0  0  0
  -31.9357    4.5894  -31.0228 C   0  0  0  0  0  0
  -32.1313    6.0805  -31.3458 C   0  0  0  0  0  0
  -31.3571    7.0509  -30.4384 C   0  0  0  0  0  0
  -32.2409    8.1099  -29.9016 N   0  0  0  0  0  0
  -33.0398    8.9411  -30.6544 C   0  0  0  0  0  0
  -34.0432    9.4340  -30.1585 O   0  0  0  0  0  0
  -31.3955    8.9816  -29.1444 O   0  0  0  0  0  0
  1  2  1  0
  1 26  1  0
  2  3  1  0
  3  4  2  0
  3  5  1  0
  5  6  1  0
  6  7  1  0
  7  8  1  0
  8  9  1  0
  9 10  1  0
 10 11  1  0
 11 12  1  0
 11 13  1  0
 13 14  2  0
 13 15  1  0
 15 16  1  0
 16 17  1  0
 17 18  2  0
 17 19  1  0
 19 20  1  0
 20 21  1  0
 21 22  1  0
 22 23  1  0
 23 24  1  0
 24 25  1  0
 25 26  1  0
 25 28  1  0
 26 27  2  0
M  END
POSE 4
LIG
                    3D
  
 28 28  0  0  1  0            999 V2000
  -30.9526    5.2774  -29.7278 C   0  0  0  0  0  0
  -29.7796    6.2974  -29.6131 C   0  0  0  0  0  0
  -30.1013    7.7616  -29.9523 C   0  0  0  0  0  0
  -31.1839    8.0683  -30.4736 O   0  0  0  0  0  0
  -29.2189    8.6850  -29.5515 N   0  0  0  0  0  0
  -29.2623   10.1114  -29.8821 C   0  0  0  0  0  0
  -30.2076   10.9450  -28.9848 C   0  0  0  0  0  0
  -31.7109   10.7229  -29.2437 C   0  0  0  0  0  0
  -32.6490   11.7722  -28.6150 C   0  0  0  0  0  0
  -33.0475   11.5652  -27.1286 C   0  0  0  0  0  0
  -34.0004   10.4731  -26.8082 N   0  0  0  0  0  0
  -34.7214   10.0099  -27.9661 O   0  0  0  0  0  0
  -33.7076    9.4491  -25.9932 C   0  0  0  0  0  0
  -32.7846    8.6993  -26.3077 O   0  0  0  0  0  0
  -34.7552    9.0101  -24.9568 C   0  0  0  0  0  0
  -34.6634    7.4973  -24.5643 C   0  0  0  0  0  0
  -34.9133    6.4933  -25.6932 C   0  0  0  0  0  0
  -35.0306    6.9125  -26.8746 O   0  0  0  0  0  0
  -34.8710    5.1995  -25.3719 N   0  0  0  0  0  0
  -35.8072    4.1238  -25.7227 C   0  0  0  0  0  0
  -35.7268    3.4095  -27.0941 C   0  0  0  0  0  0
  -34.5690    3.6988  -28.0592 C   0  0  0  0  0  0
  -35.0815    4.0264  -29.4868 C   0  0  0  0  0  0
  -34.0104    4.4776  -30.5011 C   0  0  0  0  0  0
  -33.3633    5.7098  -30.0607 N   0  0  0  0  0  0
  -32.2990    5.8188  -29.2362 C   0  0  0  0  0  0
  -32.3571    6.5330  -28.2266 O   0  0  0  0  0  0
  -34.2821    6.8198  -30.0810 O   0  0  0  0  0  0
  1  2  1  0
  1 26  1  0
  2  3  1  0
  3  4  2  0
  3  5  1  0
  5  6  1  0
  6  7  1  0
  7  8  1  0
  8  9  1  0
  9 10  1  0
 10 11  1  0
 11 12  1  0
 11 13  1  0
 13 14  2  0
 13 15  1  0
 15 16  1  0
 16 17  1  0
 17 18  2  0
 17 19  1  0
 19 20  1  0
 20 21  1  0
 21 22  1  0
 22 23  1  0
 23 24  1  0
 24 25  1  0
 25 26  1  0
 25 28  1  0
 26 27  2  0
M  END
POSE 5
LIG
                    3D
  
 28 28  0  0  1  0            999 V2000
  -33.0208    4.3102  -28.6215 C   0  0  0  0  0  0
  -33.6918    3.9059  -27.2776 C   0  0  0  0  0  0
  -34.0012    5.0829  -26.3448 C   0  0  0  0  0  0
  -34.7756    5.9625  -26.7412 O   0  0  0  0  0  0
  -33.2379    5.1943  -25.2561 N   0  0  0  0  0  0
  -33.3224    6.1362  -24.1350 C   0  0  0  0  0  0
  -34.0247    7.4900  -24.3932 C   0  0  0  0  0  0
  -33.2164    8.4952  -25.2253 C   0  0  0  0  0  0
  -33.9557    9.0823  -26.4367 C   0  0  0  0  0  0
  -33.0985   10.1629  -27.1261 C   0  0  0  0  0  0
  -32.3492    9.9291  -28.3890 N   0  0  0  0  0  0
  -31.4108    8.8350  -28.4044 O   0  0  0  0  0  0
  -32.7874   10.2262  -29.6901 C   0  0  0  0  0  0
  -33.9395   10.0414  -30.1011 O   0  0  0  0  0  0
  -31.7089   10.8434  -30.6137 C   0  0  0  0  0  0
  -31.6610   10.3577  -32.0819 C   0  0  0  0  0  0
  -32.1054    8.9231  -32.3747 C   0  0  0  0  0  0
  -32.4226    8.1890  -31.4144 O   0  0  0  0  0  0
  -32.1874    8.5746  -33.6584 N   0  0  0  0  0  0
  -32.7906    7.3586  -34.2078 C   0  0  0  0  0  0
  -32.0182    6.0809  -33.8274 C   0  0  0  0  0  0
  -32.9174    4.9109  -33.3743 C   0  0  0  0  0  0
  -33.0169    4.7412  -31.8487 C   0  0  0  0  0  0
  -34.1596    5.5226  -31.1793 C   0  0  0  0  0  0
  -33.6715    6.3102  -30.0251 N   0  0  0  0  0  0
  -32.9577    5.8082  -28.9601 C   0  0  0  0  0  0
  -32.2151    6.5433  -28.3245 O   0  0  0  0  0  0
  -34.8294    6.9231  -29.4491 O   0  0  0  0  0  0
  1  2  1  0
  1 26  1  0
  2  3  1  0
  3  4  2  0
  3  5  1  0
  5  6  1  0
  6  7  1  0
  7  8  1  0
  8  9  1  0
  9 10  1  0
 10 11  1  0
 11 12  1  0
 11 13  1  0
 13 14  2  0
 13 15  1  0
 15 16  1  0
 16 17  1  0
 17 18  2  0
 17 19  1  0
 19 20  1  0
 20 21  1  0
 21 22  1  0
 22 23  1  0
 23 24  1  0
 24 25  1  0
 25 26  1  0
 25 28  1  0
 26 27  2  0
M  END
LIGAND 003 NA 
POSE 1
NA 
                    3D
  
  1  0  0  0  1  0            999 V2000
  -10.5191  -21.5764   14.4832 Na  0  3  0  0  0  0
M  CHG  1   1   1
M  END
POSE 2
NA 
                    3D
  
  1  0  0  0  1  0            999 V2000
  -10.5191  -21.5764   14.4832 Na  0  3  0  0  0  0
M  CHG  1   1   1
M  END
POSE 3
NA 
                    3D
  
  1  0  0  0  1  0            999 V2000
  -10.5191  -21.5764   14.4832 Na  0  3  0  0  0  0
M  CHG  1   1   1
M  END
POSE 4
NA 
                    3D
  
  1  0  0  0  1  0            999 V2000
  -10.5191  -21.5764   14.4832 Na  0  3  0  0  0  0
M  CHG  1   1   1
M  END
POSE 5
NA 
                    3D
  
  1  0  0  0  1  0            999 V2000
  -10.5191  -21.5764   14.4832 Na  0  3  0  0  0  0
M  CHG  1   1   1
M  END
LIGAND 004 NA 
POSE 1
NA 
                    3D
  
  1  0  0  0  1  0            999 V2000
  -32.9370   -8.6700   12.6720 Na  0  3  0  0  0  0
M  CHG  1   1   1
M  END
POSE 2
NA 
                    3D
  
  1  0  0  0  1  0            999 V2000
  -32.9370   -8.6700   12.6720 Na  0  3  0  0  0  0
M  CHG  1   1   1
M  END
POSE 3
NA 
                    3D
  
  1  0  0  0  1  0            999 V2000
  -32.9370   -8.6700   12.6720 Na  0  3  0  0  0  0
M  CHG  1   1   1
M  END
POSE 4
NA 
                    3D
  
  1  0  0  0  1  0            999 V2000
  -32.9370   -8.6700   12.6720 Na  0  3  0  0  0  0
M  CHG  1   1   1
M  END
POSE 5
NA 
                    3D
  
  1  0  0  0  1  0            999 V2000
  -32.9370   -8.6700   12.6720 Na  0  3  0  0  0  0
M  CHG  1   1   1
M  END
LIGAND 005 SO4
POSE 1
SO4
                    3D
  
  5  4  0  0  1  0            999 V2000
  -36.7430   12.5160    1.5030 S   0  0  0  0  0  0
  -37.5770   13.6040    1.0970 O   0  0  0  0  0  0
  -36.7600   11.4940    0.5020 O   0  0  0  0  0  0
  -35.4070   12.9870    1.6820 O   0  5  0  0  0  0
  -37.2310   11.9770    2.7330 O   0  5  0  0  0  0
  1  2  2  0  0  0
  1  3  2  0  0  0
  1  4  1  0  0  0
  1  5  1  0  0  0
M  CHG  2   4  -1   5  -1
M  END
POSE 2
SO4
                    3D
  
  5  4  0  0  1  0            999 V2000
  -35.6070    9.7110    5.8160 S   0  0  0  0  0  0
  -34.7300   10.7520    5.2910 O   0  0  0  0  0  0
  -35.5940    8.5680    4.9390 O   0  0  0  0  0  0
  -36.9270   10.2190    5.9110 O   0  5  0  0  0  0
  -35.2040    9.3080    7.1320 O   0  5  0  0  0  0
  1  2  2  0  0  0
  1  3  2  0  0  0
  1  4  1  0  0  0
  1  5  1  0  0  0
M  CHG  2   4  -1   5  -1
M  END
POSE 3
SO4
                    3D
  
  5  4  0  0  1  0            999 V2000
  -40.0130   -4.2280    0.9130 S   0  0  0  0  0  0
  -39.2250   -3.8800   -0.2480 O   0  0  0  0  0  0
  -40.6820   -5.4990    0.6730 O   0  0  0  0  0  0
  -40.9970   -3.2080    1.1720 O   0  5  0  0  0  0
  -39.1400   -4.3060    2.0620 O   0  5  0  0  0  0
  1  2  2  0  0  0
  1  3  2  0  0  0
  1  4  1  0  0  0
  1  5  1  0  0  0
M  CHG  2   4  -1   5  -1
M  END
POSE 4
SO4
                    3D
  
  5  4  0  0  1  0            999 V2000
  -36.7430   12.5160    1.5030 S   0  0  0  0  0  0
  -37.5770   13.6040    1.0970 O   0  0  0  0  0  0
  -36.7600   11.4940    0.5020 O   0  0  0  0  0  0
  -35.4070   12.9870    1.6820 O   0  5  0  0  0  0
  -37.2310   11.9770    2.7330 O   0  5  0  0  0  0
  1  2  2  0  0  0
  1  3  2  0  0  0
  1  4  1  0  0  0
  1  5  1  0  0  0
M  CHG  2   4  -1   5  -1
M  END
POSE 5
SO4
                    3D
  
  5  4  0  0  1  0            999 V2000
  -35.6070    9.7110    5.8160 S   0  0  0  0  0  0
  -34.7300   10.7520    5.2910 O   0  0  0  0  0  0
  -35.5940    8.5680    4.9390 O   0  0  0  0  0  0
  -36.9270   10.2190    5.9110 O   0  5  0  0  0  0
  -35.2040    9.3080    7.1320 O   0  5  0  0  0  0
  1  2  2  0  0  0
  1  3  2  0  0  0
  1  4  1  0  0  0
  1  5  1  0  0  0
M  CHG  2   4  -1   5  -1
M  END
LIGAND 006 SO4
POSE 1
SO4
                    3D
  
  5  4  0  0  1  0            999 V2000
  -35.6070    9.7110    5.8160 S   0  0  0  0  0  0
  -34.7300   10.7520    5.2910 O   0  0  0  0  0  0
  -35.5940    8.5680    4.9390 O   0  0  0  0  0  0
  -36.9270   10.2190    5.9110 O   0  5  0  0  0  0
  -35.2040    9.3080    7.1320 O   0  5  0  0  0  0
  1  2  2  0  0  0
  1  3  2  0  0  0
  1  4  1  0  0  0
  1  5  1  0  0  0
M  CHG  2   4  -1   5  -1
M  END
POSE 2
SO4
                    3D
  
  5  4  0  0  1  0            999 V2000
  -40.0130   -4.2280    0.9130 S   0  0  0  0  0  0
  -39.2250   -3.8800   -0.2480 O   0  0  0  0  0  0
  -40.6820   -5.4990    0.6730 O   0  0  0  0  0  0
  -40.9970   -3.2080    1.1720 O   0  5  0  0  0  0
  -39.1400   -4.3060    2.0620 O   0  5  0  0  0  0
  1  2  2  0  0  0
  1  3  2  0  0  0
  1  4  1  0  0  0
  1  5  1  0  0  0
M  CHG  2   4  -1   5  -1
M  END
POSE 3
SO4
                    3D
  
  5  4  0  0  1  0            999 V2000
  -36.7430   12.5160    1.5030 S   0  0  0  0  0  0
  -37.5770   13.6040    1.0970 O   0  0  0  0  0  0
  -36.7600   11.4940    0.5020 O   0  0  0  0  0  0
  -35.4070   12.9870    1.6820 O   0  5  0  0  0  0
  -37.2310   11.9770    2.7330 O   0  5  0  0  0  0
  1  2  2  0  0  0
  1  3  2  0  0  0
  1  4  1  0  0  0
  1  5  1  0  0  0
M  CHG  2   4  -1   5  -1
M  END
POSE 4
SO4
                    3D
  
  5  4  0  0  1  0            999 V2000
  -35.6070    9.7110    5.8160 S   0  0  0  0  0  0
  -34.7300   10.7520    5.2910 O   0  0  0  0  0  0
  -35.5940    8.5680    4.9390 O   0  0  0  0  0  0
  -36.9270   10.2190    5.9110 O   0  5  0  0  0  0
  -35.2040    9.3080    7.1320 O   0  5  0  0  0  0
  1  2  2  0  0  0
  1  3  2  0  0  0
  1  4  1  0  0  0
  1  5  1  0  0  0
M  CHG  2   4  -1   5  -1
M  END
POSE 5
SO4
                    3D
  
  5  4  0  0  1  0            999 V2000
  -40.0130   -4.2280    0.9130 S   0  0  0  0  0  0
  -39.2250   -3.8800   -0.2480 O   0  0  0  0  0  0
  -40.6820   -5.4990    0.6730 O   0  0  0  0  0  0
  -40.9970   -3.2080    1.1720 O   0  5  0  0  0  0
  -39.1400   -4.3060    2.0620 O   0  5  0  0  0  0
  1  2  2  0  0  0
  1  3  2  0  0  0
  1  4  1  0  0  0
  1  5  1  0  0  0
M  CHG  2   4  -1   5  -1
M  END
END
