PFRMAT LG
TARGET T1124
MODEL 1
LIGAND 001 SAH
POSE 1
SAH
                    3D
  
 26 28  0  0  1  0            999 V2000
   37.9890   -4.9681    5.3481 N   0  3  0  0  0  0
   36.7364   -5.1814    4.4802 C   0  0  2  0  0  0
   36.8660   -6.5190    3.7092 C   0  0  0  0  0  0
   35.8085   -6.9755    3.2219 O   0  5  0  0  0  0
   36.5106   -3.9618    3.5406 C   0  0  0  0  0  0
   37.6851   -3.6267    2.5953 C   0  0  0  0  0  0
   37.3144   -2.5160    1.2130 S   0  0  0  0  0  0
   38.0515   -0.9556    1.7725 C   0  0  0  0  0  0
   37.4420   -0.2893    3.0135 C   0  0  1  0  0  0
   38.1913    0.8883    3.2845 O   0  0  0  0  0  0
   36.0033    0.2124    2.8321 C   0  0  1  0  0  0
   35.1265   -0.3057    3.8161 O   0  0  0  0  0  0
   36.0924    1.7264    2.8133 C   0  0  1  0  0  0
   34.9964    2.4571    3.3384 O   0  0  0  0  0  0
   37.3482    1.9403    3.6330 C   0  0  2  0  0  0
   37.9859   -7.0661    3.5846 O   0  0  0  0  0  0
   37.8897    6.8170    5.2274 N   0  0  0  0  0  0
   37.3579    5.7339    5.8081 C   0  0  0  0  0  0
   37.2922    4.4787    5.3482 N   0  0  0  0  0  0
   37.8850    4.3682    4.1342 C   0  0  0  0  0  0
   38.4811    5.3885    3.4164 C   0  0  0  0  0  0
   38.4554    6.6744    3.9996 C   0  0  0  0  0  0
   38.9571    7.8079    3.3718 N   0  0  0  0  0  0
   38.9721    4.9400    2.2485 N   0  0  0  0  0  0
   38.6570    3.6685    2.2383 C   0  0  0  0  0  0
   38.0003    3.2657    3.3454 N   0  0  0  0  0  0
  1  2  1  0
  2  3  1  0
  2  5  1  0
  3  4  1  0
  3 16  2  0
  5  6  1  0
  6  7  1  0
  7  8  1  0
  8  9  1  0
  9 10  1  0
  9 11  1  0
 10 15  1  0
 11 12  1  0
 11 13  1  0
 13 14  1  0
 13 15  1  0
 15 26  1  0
 17 18  1  0
 17 22  2  0
 18 19  2  0
 19 20  1  0
 20 21  2  0
 20 26  1  0
 21 22  1  0
 21 24  1  0
 22 23  1  0
 24 25  2  0
 25 26  1  0
M  CHG  2   1   1   4  -1
M  END
POSE 2
SAH
                    3D
  
 26 28  0  0  1  0            999 V2000
   37.7158   -4.9582    4.6296 N   0  3  0  0  0  0
   36.7314   -4.7348    3.4711 C   0  0  2  0  0  0
   37.0566   -5.7550    2.3481 C   0  0  0  0  0  0
   36.6505   -5.4938    1.1942 O   0  5  0  0  0  0
   36.6681   -3.2320    3.0643 C   0  0  0  0  0  0
   37.9806   -2.5296    2.6109 C   0  0  0  0  0  0
   38.0097   -0.6949    2.3683 S   0  0  0  0  0  0
   37.1524   -0.1162    3.8822 C   0  0  0  0  0  0
   36.7804    1.3672    4.0681 C   0  0  1  0  0  0
   37.8699    2.2415    3.8277 O   0  0  0  0  0  0
   35.6990    1.8984    3.1311 C   0  0  1  0  0  0
   34.3905    1.5072    3.5371 O   0  0  0  0  0  0
   35.9324    3.4170    3.0963 C   0  0  1  0  0  0
   35.0591    4.1951    3.9019 O   0  0  0  0  0  0
   37.3713    3.5327    3.6295 C   0  0  2  0  0  0
   37.6420   -6.8192    2.6588 O   0  0  0  0  0  0
   40.3574    3.8578   -0.6338 N   0  0  0  0  0  0
   39.5872    2.8742   -0.1517 C   0  0  0  0  0  0
   38.8314    2.8567    0.9549 N   0  0  0  0  0  0
   38.9088    4.0298    1.6289 C   0  0  0  0  0  0
   39.6475    5.1365    1.2474 C   0  0  0  0  0  0
   40.3951    5.0282    0.0516 C   0  0  0  0  0  0
   41.1965    6.0441   -0.4557 N   0  0  0  0  0  0
   39.5103    6.1401    2.1293 N   0  0  0  0  0  0
   38.7093    5.6541    3.0461 C   0  0  0  0  0  0
   38.3083    4.3887    2.8027 N   0  0  0  0  0  0
  1  2  1  0
  2  3  1  0
  2  5  1  0
  3  4  1  0
  3 16  2  0
  5  6  1  0
  6  7  1  0
  7  8  1  0
  8  9  1  0
  9 10  1  0
  9 11  1  0
 10 15  1  0
 11 12  1  0
 11 13  1  0
 13 14  1  0
 13 15  1  0
 15 26  1  0
 17 18  1  0
 17 22  2  0
 18 19  2  0
 19 20  1  0
 20 21  2  0
 20 26  1  0
 21 22  1  0
 21 24  1  0
 22 23  1  0
 24 25  2  0
 25 26  1  0
M  CHG  2   1   1   4  -1
M  END
POSE 3
SAH
                    3D
  
 26 28  0  0  1  0            999 V2000
   37.5323   -5.0732    5.2685 N   0  3  0  0  0  0
   36.6262   -4.9303    4.0325 C   0  0  2  0  0  0
   37.0870   -5.9608    2.9625 C   0  0  0  0  0  0
   36.7199   -5.7628    1.7836 O   0  5  0  0  0  0
   36.5610   -3.4417    3.5755 C   0  0  0  0  0  0
   37.9101   -2.7685    3.2299 C   0  0  0  0  0  0
   37.8886   -0.9731    2.8809 S   0  0  0  0  0  0
   36.7761   -0.2417    4.1418 C   0  0  0  0  0  0
   36.5562    1.2791    4.1572 C   0  0  1  0  0  0
   37.7664    1.9841    3.9365 O   0  0  0  0  0  0
   35.6338    1.8265    3.0853 C   0  0  1  0  0  0
   34.2655    1.6008    3.4065 O   0  0  0  0  0  0
   36.0385    3.2998    3.0171 C   0  0  1  0  0  0
   35.3730    4.1385    3.9515 O   0  0  0  0  0  0
   37.5405    3.2467    3.3687 C   0  0  2  0  0  0
   37.7368   -6.9704    3.3278 O   0  0  0  0  0  0
   40.0315    6.6877    0.3770 N   0  0  0  0  0  0
   39.1898    6.8296    1.4100 C   0  0  0  0  0  0
   38.5824    5.8837    2.1400 N   0  0  0  0  0  0
   38.8911    4.6393    1.6999 C   0  0  0  0  0  0
   39.7192    4.3364    0.6337 C   0  0  0  0  0  0
   40.3077    5.4268   -0.0507 C   0  0  0  0  0  0
   41.1676    5.2856   -1.1354 N   0  0  0  0  0  0
   39.8090    3.0077    0.4536 N   0  0  0  0  0  0
   39.0357    2.5047    1.3866 C   0  0  0  0  0  0
   38.4732    3.4344    2.1880 N   0  0  0  0  0  0
  1  2  1  0
  2  3  1  0
  2  5  1  0
  3  4  1  0
  3 16  2  0
  5  6  1  0
  6  7  1  0
  7  8  1  0
  8  9  1  0
  9 10  1  0
  9 11  1  0
 10 15  1  0
 11 12  1  0
 11 13  1  0
 13 14  1  0
 13 15  1  0
 15 26  1  0
 17 18  1  0
 17 22  2  0
 18 19  2  0
 19 20  1  0
 20 21  2  0
 20 26  1  0
 21 22  1  0
 21 24  1  0
 22 23  1  0
 24 25  2  0
 25 26  1  0
M  CHG  2   1   1   4  -1
M  END
POSE 4
SAH
                    3D
  
 26 28  0  0  1  0            999 V2000
   37.9890   -4.9681    5.3481 N   0  3  0  0  0  0
   36.7364   -5.1814    4.4802 C   0  0  2  0  0  0
   36.8660   -6.5190    3.7092 C   0  0  0  0  0  0
   35.8085   -6.9755    3.2219 O   0  5  0  0  0  0
   36.5106   -3.9618    3.5406 C   0  0  0  0  0  0
   37.6851   -3.6267    2.5953 C   0  0  0  0  0  0
   37.3144   -2.5160    1.2130 S   0  0  0  0  0  0
   38.0515   -0.9556    1.7725 C   0  0  0  0  0  0
   37.4420   -0.2893    3.0135 C   0  0  1  0  0  0
   38.1913    0.8883    3.2845 O   0  0  0  0  0  0
   36.0033    0.2124    2.8321 C   0  0  1  0  0  0
   35.1265   -0.3057    3.8161 O   0  0  0  0  0  0
   36.0924    1.7264    2.8133 C   0  0  1  0  0  0
   34.9964    2.4571    3.3384 O   0  0  0  0  0  0
   37.3482    1.9403    3.6330 C   0  0  2  0  0  0
   37.9859   -7.0661    3.5846 O   0  0  0  0  0  0
   37.8897    6.8170    5.2274 N   0  0  0  0  0  0
   37.3579    5.7339    5.8081 C   0  0  0  0  0  0
   37.2922    4.4787    5.3482 N   0  0  0  0  0  0
   37.8850    4.3682    4.1342 C   0  0  0  0  0  0
   38.4811    5.3885    3.4164 C   0  0  0  0  0  0
   38.4554    6.6744    3.9996 C   0  0  0  0  0  0
   38.9571    7.8079    3.3718 N   0  0  0  0  0  0
   38.9721    4.9400    2.2485 N   0  0  0  0  0  0
   38.6570    3.6685    2.2383 C   0  0  0  0  0  0
   38.0003    3.2657    3.3454 N   0  0  0  0  0  0
  1  2  1  0
  2  3  1  0
  2  5  1  0
  3  4  1  0
  3 16  2  0
  5  6  1  0
  6  7  1  0
  7  8  1  0
  8  9  1  0
  9 10  1  0
  9 11  1  0
 10 15  1  0
 11 12  1  0
 11 13  1  0
 13 14  1  0
 13 15  1  0
 15 26  1  0
 17 18  1  0
 17 22  2  0
 18 19  2  0
 19 20  1  0
 20 21  2  0
 20 26  1  0
 21 22  1  0
 21 24  1  0
 22 23  1  0
 24 25  2  0
 25 26  1  0
M  CHG  2   1   1   4  -1
M  END
POSE 5
SAH
                    3D
  
 26 28  0  0  1  0            999 V2000
   37.7158   -4.9582    4.6296 N   0  3  0  0  0  0
   36.7314   -4.7348    3.4711 C   0  0  2  0  0  0
   37.0566   -5.7550    2.3481 C   0  0  0  0  0  0
   36.6505   -5.4938    1.1942 O   0  5  0  0  0  0
   36.6681   -3.2320    3.0643 C   0  0  0  0  0  0
   37.9806   -2.5296    2.6109 C   0  0  0  0  0  0
   38.0097   -0.6949    2.3683 S   0  0  0  0  0  0
   37.1524   -0.1162    3.8822 C   0  0  0  0  0  0
   36.7804    1.3672    4.0681 C   0  0  1  0  0  0
   37.8699    2.2415    3.8277 O   0  0  0  0  0  0
   35.6990    1.8984    3.1311 C   0  0  1  0  0  0
   34.3905    1.5072    3.5371 O   0  0  0  0  0  0
   35.9324    3.4170    3.0963 C   0  0  1  0  0  0
   35.0591    4.1951    3.9019 O   0  0  0  0  0  0
   37.3713    3.5327    3.6295 C   0  0  2  0  0  0
   37.6420   -6.8192    2.6588 O   0  0  0  0  0  0
   40.3574    3.8578   -0.6338 N   0  0  0  0  0  0
   39.5872    2.8742   -0.1517 C   0  0  0  0  0  0
   38.8314    2.8567    0.9549 N   0  0  0  0  0  0
   38.9088    4.0298    1.6289 C   0  0  0  0  0  0
   39.6475    5.1365    1.2474 C   0  0  0  0  0  0
   40.3951    5.0282    0.0516 C   0  0  0  0  0  0
   41.1965    6.0441   -0.4557 N   0  0  0  0  0  0
   39.5103    6.1401    2.1293 N   0  0  0  0  0  0
   38.7093    5.6541    3.0461 C   0  0  0  0  0  0
   38.3083    4.3887    2.8027 N   0  0  0  0  0  0
  1  2  1  0
  2  3  1  0
  2  5  1  0
  3  4  1  0
  3 16  2  0
  5  6  1  0
  6  7  1  0
  7  8  1  0
  8  9  1  0
  9 10  1  0
  9 11  1  0
 10 15  1  0
 11 12  1  0
 11 13  1  0
 13 14  1  0
 13 15  1  0
 15 26  1  0
 17 18  1  0
 17 22  2  0
 18 19  2  0
 19 20  1  0
 20 21  2  0
 20 26  1  0
 21 22  1  0
 21 24  1  0
 22 23  1  0
 24 25  2  0
 25 26  1  0
M  CHG  2   1   1   4  -1
M  END
LIGAND 002 SAH
POSE 1
SAH
                    3D
  
 26 28  0  0  1  0            999 V2000
   26.5565  -14.6264  -44.3398 N   0  3  0  0  0  0
   27.0589  -13.4404  -43.4978 C   0  0  2  0  0  0
   28.3225  -13.8674  -42.7096 C   0  0  0  0  0  0
   29.0163  -12.9382  -42.2411 O   0  5  0  0  0  0
   25.9239  -12.9066  -42.5769 C   0  0  0  0  0  0
   25.3124  -13.9434  -41.6092 C   0  0  0  0  0  0
   24.3155  -13.2842  -40.2478 S   0  0  0  0  0  0
   22.6270  -13.6401  -40.8077 C   0  0  0  0  0  0
   22.1325  -12.9193  -42.0692 C   0  0  1  0  0  0
   20.8112  -13.3716  -42.3362 O   0  0  0  0  0  0
   21.9888  -11.3984  -41.9256 C   0  0  1  0  0  0
   22.7069  -10.6952  -42.9233 O   0  0  0  0  0  0
   20.4974  -11.1222  -41.9214 C   0  0  1  0  0  0
   20.0532   -9.8964  -42.4789 O   0  0  0  0  0  0
   19.9935  -12.3100  -42.7150 C   0  0  2  0  0  0
   28.5849  -15.0822  -42.5539 O   0  0  0  0  0  0
   15.1373  -11.7079  -44.3500 N   0  0  0  0  0  0
   16.3193  -11.4649  -44.9307 C   0  0  0  0  0  0
   17.5513  -11.6903  -44.4586 N   0  0  0  0  0  0
   17.5103  -12.2625  -43.2305 C   0  0  0  0  0  0
   16.3732  -12.5795  -42.5107 C   0  0  0  0  0  0
   15.1340  -12.2612  -43.1084 C   0  0  0  0  0  0
   13.9100  -12.4617  -42.4820 N   0  0  0  0  0  0
   16.6850  -13.1349  -41.3273 N   0  0  0  0  0  0
   17.9949  -13.1330  -41.3102 C   0  0  0  0  0  0
   18.5490  -12.6189  -42.4274 N   0  0  0  0  0  0
  1  2  1  0
  2  3  1  0
  2  5  1  0
  3  4  1  0
  3 16  2  0
  5  6  1  0
  6  7  1  0
  7  8  1  0
  8  9  1  0
  9 10  1  0
  9 11  1  0
 10 15  1  0
 11 12  1  0
 11 13  1  0
 13 14  1  0
 13 15  1  0
 15 26  1  0
 17 18  1  0
 17 22  2  0
 18 19  2  0
 19 20  1  0
 20 21  2  0
 20 26  1  0
 21 22  1  0
 21 24  1  0
 22 23  1  0
 24 25  2  0
 25 26  1  0
M  CHG  2   1   1   4  -1
M  END
POSE 2
SAH
                    3D
  
 26 28  0  0  1  0            999 V2000
   26.6085  -14.3413  -43.6277 N   0  3  0  0  0  0
   26.6211  -13.3041  -42.4941 C   0  0  2  0  0  0
   27.5279  -13.8364  -41.3530 C   0  0  0  0  0  0
   27.3655  -13.3516  -40.2114 O   0  5  0  0  0  0
   25.1751  -12.8733  -42.1052 C   0  0  0  0  0  0
   24.1765  -13.9682  -41.6302 C   0  0  0  0  0  0
   22.3870  -13.5517  -41.4071 S   0  0  0  0  0  0
   22.0383  -12.6179  -42.9461 C   0  0  0  0  0  0
   20.6881  -11.9065  -43.1564 C   0  0  1  0  0  0
   19.5771  -12.7490  -42.9013 O   0  0  0  0  0  0
   20.4263  -10.7070  -42.2498 C   0  0  1  0  0  0
   21.1216   -9.5404  -42.6807 O   0  0  0  0  0  0
   18.8959  -10.5695  -42.2264 C   0  0  1  0  0  0
   18.3537   -9.5552  -43.0598 O   0  0  0  0  0  0
   18.4418  -11.9515  -42.7284 C   0  0  2  0  0  0
   28.4227  -14.6668  -41.6388 O   0  0  0  0  0  0
   17.3889  -14.6682  -38.4030 N   0  0  0  0  0  0
   18.5309  -14.1676  -38.8915 C   0  0  0  0  0  0
   18.7346  -13.4652  -40.0145 N   0  0  0  0  0  0
   17.5806  -13.2761  -40.6994 C   0  0  0  0  0  0
   16.3272  -13.7191  -40.3136 C   0  0  0  0  0  0
   16.2471  -14.4415  -39.1002 C   0  0  0  0  0  0
   15.0663  -14.9640  -38.5862 N   0  0  0  0  0  0
   15.3903  -13.3673  -41.2092 N   0  0  0  0  0  0
   16.0587  -12.7285  -42.1384 C   0  0  0  0  0  0
   17.3821  -12.6360  -41.8902 N   0  0  0  0  0  0
  1  2  1  0
  2  3  1  0
  2  5  1  0
  3  4  1  0
  3 16  2  0
  5  6  1  0
  6  7  1  0
  7  8  1  0
  8  9  1  0
  9 10  1  0
  9 11  1  0
 10 15  1  0
 11 12  1  0
 11 13  1  0
 13 14  1  0
 13 15  1  0
 15 26  1  0
 17 18  1  0
 17 22  2  0
 18 19  2  0
 19 20  1  0
 20 21  2  0
 20 26  1  0
 21 22  1  0
 21 24  1  0
 22 23  1  0
 24 25  2  0
 25 26  1  0
M  CHG  2   1   1   4  -1
M  END
POSE 3
SAH
                    3D
  
 26 28  0  0  1  0            999 V2000
   26.7674  -14.2063  -44.2692 N   0  3  0  0  0  0
   26.8391  -13.2624  -43.0555 C   0  0  2  0  0  0
   27.7237  -13.9301  -41.9643 C   0  0  0  0  0  0
   27.6132  -13.4977  -40.7961 O   0  5  0  0  0  0
   25.4070  -12.8319  -42.6164 C   0  0  0  0  0  0
   24.4286  -13.9720  -42.2480 C   0  0  0  0  0  0
   22.6888  -13.5131  -41.9192 S   0  0  0  0  0  0
   22.2516  -12.2890  -43.2126 C   0  0  0  0  0  0
   20.8278  -11.7122  -43.2496 C   0  0  1  0  0  0
   19.8524  -12.7129  -43.0095 O   0  0  0  0  0  0
   20.5115  -10.6597  -42.2047 C   0  0  1  0  0  0
   21.0599   -9.3935  -42.5540 O   0  0  0  0  0  0
   18.9838  -10.6985  -42.1435 C   0  0  1  0  0  0
   18.3338   -9.8747  -43.1017 O   0  0  0  0  0  0
   18.6776  -12.1777  -42.4608 C   0  0  2  0  0  0
   28.5503  -14.8113  -42.3039 O   0  0  0  0  0  0
   14.7248  -13.6996  -39.4518 N   0  0  0  0  0  0
   14.7939  -12.8738  -40.5048 C   0  0  0  0  0  0
   15.8615  -12.5283  -41.2379 N   0  0  0  0  0  0
   16.9934  -13.1148  -40.7774 C   0  0  0  0  0  0
   17.0837  -13.9652  -39.6897 C   0  0  0  0  0  0
   15.8805  -14.2589  -39.0042 C   0  0  0  0  0  0
   15.8061  -15.1008  -37.8990 N   0  0  0  0  0  0
   18.3513  -14.3658  -39.4931 N   0  0  0  0  0  0
   19.0297  -13.7583  -40.4377 C   0  0  0  0  0  0
   18.2659  -13.0094  -41.2615 N   0  0  0  0  0  0
  1  2  1  0
  2  3  1  0
  2  5  1  0
  3  4  1  0
  3 16  2  0
  5  6  1  0
  6  7  1  0
  7  8  1  0
  8  9  1  0
  9 10  1  0
  9 11  1  0
 10 15  1  0
 11 12  1  0
 11 13  1  0
 13 14  1  0
 13 15  1  0
 15 26  1  0
 17 18  1  0
 17 22  2  0
 18 19  2  0
 19 20  1  0
 20 21  2  0
 20 26  1  0
 21 22  1  0
 21 24  1  0
 22 23  1  0
 24 25  2  0
 25 26  1  0
M  CHG  2   1   1   4  -1
M  END
POSE 4
SAH
                    3D
  
 26 28  0  0  1  0            999 V2000
   26.5565  -14.6264  -44.3398 N   0  3  0  0  0  0
   27.0589  -13.4404  -43.4978 C   0  0  2  0  0  0
   28.3225  -13.8674  -42.7096 C   0  0  0  0  0  0
   29.0163  -12.9382  -42.2411 O   0  5  0  0  0  0
   25.9239  -12.9066  -42.5769 C   0  0  0  0  0  0
   25.3124  -13.9434  -41.6092 C   0  0  0  0  0  0
   24.3155  -13.2842  -40.2478 S   0  0  0  0  0  0
   22.6270  -13.6401  -40.8077 C   0  0  0  0  0  0
   22.1325  -12.9193  -42.0692 C   0  0  1  0  0  0
   20.8112  -13.3716  -42.3362 O   0  0  0  0  0  0
   21.9888  -11.3984  -41.9256 C   0  0  1  0  0  0
   22.7069  -10.6952  -42.9233 O   0  0  0  0  0  0
   20.4974  -11.1222  -41.9214 C   0  0  1  0  0  0
   20.0532   -9.8964  -42.4789 O   0  0  0  0  0  0
   19.9935  -12.3100  -42.7150 C   0  0  2  0  0  0
   28.5849  -15.0822  -42.5539 O   0  0  0  0  0  0
   15.1373  -11.7079  -44.3500 N   0  0  0  0  0  0
   16.3193  -11.4649  -44.9307 C   0  0  0  0  0  0
   17.5513  -11.6903  -44.4586 N   0  0  0  0  0  0
   17.5103  -12.2625  -43.2305 C   0  0  0  0  0  0
   16.3732  -12.5795  -42.5107 C   0  0  0  0  0  0
   15.1340  -12.2612  -43.1084 C   0  0  0  0  0  0
   13.9100  -12.4617  -42.4820 N   0  0  0  0  0  0
   16.6850  -13.1349  -41.3273 N   0  0  0  0  0  0
   17.9949  -13.1330  -41.3102 C   0  0  0  0  0  0
   18.5490  -12.6189  -42.4274 N   0  0  0  0  0  0
  1  2  1  0
  2  3  1  0
  2  5  1  0
  3  4  1  0
  3 16  2  0
  5  6  1  0
  6  7  1  0
  7  8  1  0
  8  9  1  0
  9 10  1  0
  9 11  1  0
 10 15  1  0
 11 12  1  0
 11 13  1  0
 13 14  1  0
 13 15  1  0
 15 26  1  0
 17 18  1  0
 17 22  2  0
 18 19  2  0
 19 20  1  0
 20 21  2  0
 20 26  1  0
 21 22  1  0
 21 24  1  0
 22 23  1  0
 24 25  2  0
 25 26  1  0
M  CHG  2   1   1   4  -1
M  END
POSE 5
SAH
                    3D
  
 26 28  0  0  1  0            999 V2000
   26.6085  -14.3413  -43.6277 N   0  3  0  0  0  0
   26.6211  -13.3041  -42.4941 C   0  0  2  0  0  0
   27.5279  -13.8364  -41.3530 C   0  0  0  0  0  0
   27.3655  -13.3516  -40.2114 O   0  5  0  0  0  0
   25.1751  -12.8733  -42.1052 C   0  0  0  0  0  0
   24.1765  -13.9682  -41.6302 C   0  0  0  0  0  0
   22.3870  -13.5517  -41.4071 S   0  0  0  0  0  0
   22.0383  -12.6179  -42.9461 C   0  0  0  0  0  0
   20.6881  -11.9065  -43.1564 C   0  0  1  0  0  0
   19.5771  -12.7490  -42.9013 O   0  0  0  0  0  0
   20.4263  -10.7070  -42.2498 C   0  0  1  0  0  0
   21.1216   -9.5404  -42.6807 O   0  0  0  0  0  0
   18.8959  -10.5695  -42.2264 C   0  0  1  0  0  0
   18.3537   -9.5552  -43.0598 O   0  0  0  0  0  0
   18.4418  -11.9515  -42.7284 C   0  0  2  0  0  0
   28.4227  -14.6668  -41.6388 O   0  0  0  0  0  0
   17.3889  -14.6682  -38.4030 N   0  0  0  0  0  0
   18.5309  -14.1676  -38.8915 C   0  0  0  0  0  0
   18.7346  -13.4652  -40.0145 N   0  0  0  0  0  0
   17.5806  -13.2761  -40.6994 C   0  0  0  0  0  0
   16.3272  -13.7191  -40.3136 C   0  0  0  0  0  0
   16.2471  -14.4415  -39.1002 C   0  0  0  0  0  0
   15.0663  -14.9640  -38.5862 N   0  0  0  0  0  0
   15.3903  -13.3673  -41.2092 N   0  0  0  0  0  0
   16.0587  -12.7285  -42.1384 C   0  0  0  0  0  0
   17.3821  -12.6360  -41.8902 N   0  0  0  0  0  0
  1  2  1  0
  2  3  1  0
  2  5  1  0
  3  4  1  0
  3 16  2  0
  5  6  1  0
  6  7  1  0
  7  8  1  0
  8  9  1  0
  9 10  1  0
  9 11  1  0
 10 15  1  0
 11 12  1  0
 11 13  1  0
 13 14  1  0
 13 15  1  0
 15 26  1  0
 17 18  1  0
 17 22  2  0
 18 19  2  0
 19 20  1  0
 20 21  2  0
 20 26  1  0
 21 22  1  0
 21 24  1  0
 22 23  1  0
 24 25  2  0
 25 26  1  0
M  CHG  2   1   1   4  -1
M  END
LIGAND 003 TYR
POSE 1
TYR
                    3D
  
 13 13  0  0  1  0            999 V2000
   37.4384   -4.5238   -3.4251 N   0  3  0  0  0  0
   36.4923   -3.7633   -2.5397 C   0  0  1  0  0  0
   35.2630   -3.2034   -3.3048 C   0  0  0  0  0  0
   35.5968   -2.3968   -4.5493 C   0  0  0  0  0  0
   36.0789   -1.0739   -4.4407 C   0  0  0  0  0  0
   36.3825   -0.3375   -5.6033 C   0  0  0  0  0  0
   36.1975   -0.9168   -6.8741 C   0  0  0  0  0  0
   36.5112   -0.2250   -8.0051 O   0  0  0  0  0  0
   35.7273   -2.2362   -6.9843 C   0  0  0  0  0  0
   35.4326   -2.9742   -5.8252 C   0  0  0  0  0  0
   36.1102   -4.7043   -1.3317 C   0  0  0  0  0  0
   35.0271   -4.4312   -0.7667 O   0  0  0  0  0  0
   36.9589   -5.5707   -1.0084 O   0  5  0  0  0  0
  1  2  1  0
  2  3  1  0
  2 11  1  0
  3  4  1  0
  4 10  1  0
  4  5  2  0
  5  6  1  0
  6  7  2  0
  7  8  1  0
  7  9  1  0
  9 10  2  0
 11 12  2  0
 11 13  1  0
M  CHG  2   1   1  13  -1
M  END
POSE 2
TYR
                    3D
  
 13 13  0  0  1  0            999 V2000
   37.4459   -4.5143   -3.3606 N   0  3  0  0  0  0
   36.4712   -3.7725   -2.4928 C   0  0  1  0  0  0
   35.2593   -3.2071   -3.2826 C   0  0  0  0  0  0
   35.6053   -2.4075   -4.5312 C   0  0  0  0  0  0
   35.4475   -2.9913   -5.8046 C   0  0  0  0  0  0
   35.7380   -2.2579   -6.9685 C   0  0  0  0  0  0
   36.1954   -0.9345   -6.8648 C   0  0  0  0  0  0
   36.4973   -0.2390   -7.9963 O   0  0  0  0  0  0
   36.3654   -0.3442   -5.5965 C   0  0  0  0  0  0
   36.0681   -1.0795   -4.4309 C   0  0  0  0  0  0
   36.0580   -4.7354   -1.3112 C   0  0  0  0  0  0
   34.9645   -4.4633   -0.7622 O   0  0  0  0  0  0
   36.8975   -5.6050   -0.9786 O   0  5  0  0  0  0
  1  2  1  0
  2  3  1  0
  2 11  1  0
  3  4  1  0
  4 10  1  0
  4  5  2  0
  5  6  1  0
  6  7  2  0
  7  8  1  0
  7  9  1  0
  9 10  2  0
 11 12  2  0
 11 13  1  0
M  CHG  2   1   1  13  -1
M  END
POSE 3
TYR
                    3D
  
 13 13  0  0  1  0            999 V2000
   37.7518   -3.4955   -2.0549 N   0  3  0  0  0  0
   36.5687   -4.3464   -2.4212 C   0  0  1  0  0  0
   35.4301   -3.5583   -3.1435 C   0  0  0  0  0  0
   35.7830   -2.7404   -4.3833 C   0  0  0  0  0  0
   35.7362   -3.3229   -5.6694 C   0  0  0  0  0  0
   35.9738   -2.5428   -6.8155 C   0  0  0  0  0  0
   36.2779   -1.1745   -6.6857 C   0  0  0  0  0  0
   36.5358   -0.4273   -7.7966 O   0  0  0  0  0  0
   36.3425   -0.5868   -5.4067 C   0  0  0  0  0  0
   36.0925   -1.3675   -4.2599 C   0  0  0  0  0  0
   37.0922   -5.6448   -3.1480 C   0  0  0  0  0  0
   36.2827   -6.1836   -3.9341 O   0  0  0  0  0  0
   38.2102   -6.0725   -2.7730 O   0  5  0  0  0  0
  1  2  1  0
  2  3  1  0
  2 11  1  0
  3  4  1  0
  4 10  1  0
  4  5  2  0
  5  6  1  0
  6  7  2  0
  7  8  1  0
  7  9  1  0
  9 10  2  0
 11 12  2  0
 11 13  1  0
M  CHG  2   1   1  13  -1
M  END
POSE 4
TYR
                    3D
  
 13 13  0  0  1  0            999 V2000
   37.9013   -4.2885   -1.7471 N   0  3  0  0  0  0
   37.3182   -5.0387   -2.9116 C   0  0  1  0  0  0
   37.3682   -4.2364   -4.2528 C   0  0  0  0  0  0
   36.6121   -2.9114   -4.2666 C   0  0  0  0  0  0
   37.0104   -1.8339   -3.4431 C   0  0  0  0  0  0
   36.2832   -0.6275   -3.4459 C   0  0  0  0  0  0
   35.1896   -0.4647   -4.3152 C   0  0  0  0  0  0
   34.5101    0.7172   -4.3323 O   0  0  0  0  0  0
   34.8082   -1.5219   -5.1646 C   0  0  0  0  0  0
   35.5130   -2.7407   -5.1353 C   0  0  0  0  0  0
   38.0193   -6.4514   -2.9739 C   0  0  0  0  0  0
   37.8781   -7.0664   -4.0536 O   0  0  0  0  0  0
   38.5656   -6.8571   -1.9181 O   0  5  0  0  0  0
  1  2  1  0
  2  3  1  0
  2 11  1  0
  3  4  1  0
  4 10  1  0
  4  5  2  0
  5  6  1  0
  6  7  2  0
  7  8  1  0
  7  9  1  0
  9 10  2  0
 11 12  2  0
 11 13  1  0
M  CHG  2   1   1  13  -1
M  END
POSE 5
TYR
                    3D
  
 13 13  0  0  1  0            999 V2000
   37.8703   -4.2697   -1.7879 N   0  3  0  0  0  0
   37.2978   -5.0146   -2.9623 C   0  0  1  0  0  0
   37.3831   -4.2133   -4.2971 C   0  0  0  0  0  0
   36.6222   -2.8955   -4.3104 C   0  0  0  0  0  0
   35.5128   -2.7313   -5.1665 C   0  0  0  0  0  0
   34.8014   -1.5168   -5.1808 C   0  0  0  0  0  0
   35.1850   -0.4660   -4.3255 C   0  0  0  0  0  0
   34.5105    0.7165   -4.3343 O   0  0  0  0  0  0
   36.2789   -0.6289   -3.4601 C   0  0  0  0  0  0
   37.0188   -1.8246   -3.4797 C   0  0  0  0  0  0
   37.9901   -6.4290   -3.0221 C   0  0  0  0  0  0
   37.8518   -7.0455   -4.1022 O   0  0  0  0  0  0
   38.5294   -6.8316   -1.9640 O   0  5  0  0  0  0
  1  2  1  0
  2  3  1  0
  2 11  1  0
  3  4  1  0
  4 10  1  0
  4  5  2  0
  5  6  1  0
  6  7  2  0
  7  8  1  0
  7  9  1  0
  9 10  2  0
 11 12  2  0
 11 13  1  0
M  CHG  2   1   1  13  -1
M  END
LIGAND 004 TYR
POSE 1
TYR
                    3D
  
 13 13  0  0  1  0            999 V2000
   26.2109  -13.7718  -35.5865 N   0  3  0  0  0  0
   25.7037  -12.6931  -36.5011 C   0  0  1  0  0  0
   25.4503  -11.3473  -35.7699 C   0  0  0  0  0  0
   24.5807  -11.4480  -34.5272 C   0  0  0  0  0  0
   23.1815  -11.6021  -34.6393 C   0  0  0  0  0  0
   22.3877  -11.6923  -33.4784 C   0  0  0  0  0  0
   22.9878  -11.6204  -32.2058 C   0  0  0  0  0  0
   22.2351  -11.7318  -31.0757 O   0  0  0  0  0  0
   24.3808  -11.4769  -32.0917 C   0  0  0  0  0  0
   25.1740  -11.3956  -33.2490 C   0  0  0  0  0  0
   26.7151  -12.5768  -37.7070 C   0  0  0  0  0  0
   26.7122  -11.4739  -38.2991 O   0  0  0  0  0  0
   27.3548  -13.6157  -38.0017 O   0  5  0  0  0  0
  1  2  1  0
  2  3  1  0
  2 11  1  0
  3  4  1  0
  4 10  1  0
  4  5  2  0
  5  6  1  0
  6  7  2  0
  7  8  1  0
  7  9  1  0
  9 10  2  0
 11 12  2  0
 11 13  1  0
M  CHG  2   1   1  13  -1
M  END
POSE 2
TYR
                    3D
  
 13 13  0  0  1  0            999 V2000
   26.2002  -13.7784  -35.6509 N   0  3  0  0  0  0
   25.7179  -12.6760  -36.5483 C   0  0  1  0  0  0
   25.4549  -11.3452  -35.7922 C   0  0  0  0  0  0
   24.5892  -11.4593  -34.5449 C   0  0  0  0  0  0
   25.1871  -11.4147  -33.2691 C   0  0  0  0  0  0
   24.3995  -11.4928  -32.1070 C   0  0  0  0  0  0
   23.0055  -11.6228  -32.2149 C   0  0  0  0  0  0
   22.2521  -11.7219  -31.0846 O   0  0  0  0  0  0
   22.3984  -11.6775  -33.4855 C   0  0  0  0  0  0
   23.1896  -11.5932  -34.6493 C   0  0  0  0  0  0
   26.7579  -12.5341  -37.7283 C   0  0  0  0  0  0
   26.7584  -11.4209  -38.3046 O   0  0  0  0  0  0
   27.4030  -13.5650  -38.0325 O   0  5  0  0  0  0
  1  2  1  0
  2  3  1  0
  2 11  1  0
  3  4  1  0
  4 10  1  0
  4  5  2  0
  5  6  1  0
  6  7  2  0
  7  8  1  0
  7  9  1  0
  9 10  2  0
 11 12  2  0
 11 13  1  0
M  CHG  2   1   1  13  -1
M  END
POSE 3
TYR
                    3D
  
 13 13  0  0  1  0            999 V2000
   25.1446  -13.8634  -36.9604 N   0  3  0  0  0  0
   26.2521  -12.9096  -36.6114 C   0  0  1  0  0  0
   25.7558  -11.5984  -35.9235 C   0  0  0  0  0  0
   24.8706  -11.7150  -34.6852 C   0  0  0  0  0  0
   25.4407  -11.7775  -33.3941 C   0  0  0  0  0  0
   24.6204  -11.7936  -32.2516 C   0  0  0  0  0  0
   23.2197  -11.7647  -32.3895 C   0  0  0  0  0  0
   22.4267  -11.8092  -31.2813 O   0  0  0  0  0  0
   22.6404  -11.7180  -33.6731 C   0  0  0  0  0  0
   23.4643  -11.6900  -34.8166 C   0  0  0  0  0  0
   27.3836  -13.7106  -35.8590 C   0  0  0  0  0  0
   28.0964  -13.0346  -35.0854 O   0  0  0  0  0  0
   27.5332  -14.9073  -36.2042 O   0  5  0  0  0  0
  1  2  1  0
  2  3  1  0
  2 11  1  0
  3  4  1  0
  4 10  1  0
  4  5  2  0
  5  6  1  0
  6  7  2  0
  7  8  1  0
  7  9  1  0
  9 10  2  0
 11 12  2  0
 11 13  1  0
M  CHG  2   1   1  13  -1
M  END
POSE 4
TYR
                    3D
  
 13 13  0  0  1  0            999 V2000
   25.8804  -14.2057  -37.2561 N   0  3  0  0  0  0
   26.7423  -13.7908  -36.0969 C   0  0  1  0  0  0
   25.9444  -13.6147  -34.7638 C   0  0  0  0  0  0
   24.8388  -12.5636  -34.7814 C   0  0  0  0  0  0
   23.7016  -12.7125  -35.6074 C   0  0  0  0  0  0
   22.7044  -11.7179  -35.6342 C   0  0  0  0  0  0
   22.8036  -10.5963  -34.7914 C   0  0  0  0  0  0
   21.8186   -9.6535  -34.8024 O   0  0  0  0  0  0
   23.9169  -10.4583  -33.9393 C   0  0  0  0  0  0
   24.9316  -11.4347  -33.9395 C   0  0  0  0  0  0
   27.9457  -14.8078  -36.0035 C   0  0  0  0  0  0
   28.5709  -14.7915  -34.9205 O   0  0  0  0  0  0
   28.2143  -15.4608  -37.0422 O   0  5  0  0  0  0
  1  2  1  0
  2  3  1  0
  2 11  1  0
  3  4  1  0
  4 10  1  0
  4  5  2  0
  5  6  1  0
  6  7  2  0
  7  8  1  0
  7  9  1  0
  9 10  2  0
 11 12  2  0
 11 13  1  0
M  CHG  2   1   1  13  -1
M  END
POSE 5
TYR
                    3D
  
 13 13  0  0  1  0            999 V2000
   25.8694  -14.1702  -37.2162 N   0  3  0  0  0  0
   26.7235  -13.7640  -36.0469 C   0  0  1  0  0  0
   25.9181  -13.6226  -34.7194 C   0  0  0  0  0  0
   24.8208  -12.5684  -34.7375 C   0  0  0  0  0  0
   24.9224  -11.4314  -33.9084 C   0  0  0  0  0  0
   23.9134  -10.4500  -33.9232 C   0  0  0  0  0  0
   22.8059  -10.5919  -34.7812 C   0  0  0  0  0  0
   21.8193   -9.6540  -34.8004 O   0  0  0  0  0  0
   22.7067  -11.7137  -35.6200 C   0  0  0  0  0  0
   23.6903  -12.7175  -35.5707 C   0  0  0  0  0  0
   27.9306  -14.7729  -35.9561 C   0  0  0  0  0  0
   28.5567  -14.7598  -34.8727 O   0  0  0  0  0  0
   28.1980  -15.4185  -36.9975 O   0  5  0  0  0  0
  1  2  1  0
  2  3  1  0
  2 11  1  0
  3  4  1  0
  4 10  1  0
  4  5  2  0
  5  6  1  0
  6  7  2  0
  7  8  1  0
  7  9  1  0
  9 10  2  0
 11 12  2  0
 11 13  1  0
M  CHG  2   1   1  13  -1
M  END
END
