PFRMAT LG
TARGET T1127v2
MODEL 1
LIGAND 001 COA
POSE 1
COA
                    3D
 
 48 50  0  0  1  0            999 V2000
   31.0134    5.4058   -7.0398 N   0  0  0  0  0  0
   30.8872    6.3333   -6.0794 C   0  0  0  0  0  0
   29.7871    6.7291   -5.4188 N   0  0  0  0  0  0
   28.6885    6.0546   -5.8383 C   0  0  0  0  0  0
   28.6633    5.0796   -6.8227 C   0  0  0  0  0  0
   29.8931    4.7448   -7.4361 C   0  0  0  0  0  0
   30.0121    3.7782   -8.4314 N   0  0  0  0  0  0
   27.4164    4.6273   -7.0249 N   0  0  0  0  0  0
   26.6884    5.3096   -6.1788 C   0  0  0  0  0  0
   27.3921    6.1769   -5.4231 N   0  0  0  0  0  0
   26.8647    7.1528   -4.3869 C   0  0  1  0  0  0
   26.3274    8.4578   -4.9929 C   0  0  2  0  0  0
   26.5276    9.5268   -4.0815 O   0  0  0  0  0  0
   24.8818    8.0363   -5.1770 C   0  0  2  0  0  0
   24.0092    9.1215   -5.4396 O   0  0  0  0  0  0
   22.9499    9.1648   -6.8574 P   0  0  0  0  0  0
   21.5189    9.2651   -6.2995 O   0  0  0  0  0  0
   23.1776    7.8685   -7.6621 O   0  5  0  0  0  0
   23.3766   10.4216   -7.6344 O   0  5  0  0  0  0
   24.5587    7.3140   -3.8823 C   0  0  2  0  0  0
   25.7643    6.5669   -3.7256 O   0  0  0  0  0  0
   23.3174    6.4105   -3.9827 C   0  0  0  0  0  0
   23.1609    5.5888   -2.8385 O   0  0  0  0  0  0
   23.8618    4.0143   -2.8981 P   0  0  0  0  0  0
   25.2226    4.0544   -2.2524 O   0  0  0  0  0  0
   23.6249    3.3998   -4.2535 O   0  5  0  0  0  0
   22.8298    3.2452   -1.8073 O   0  0  0  0  0  0
   22.7732    2.9388   -0.1478 P   0  0  0  0  0  0
   23.4633    1.6137    0.0753 O   0  0  0  0  0  0
   23.1634    4.2066    0.5831 O   0  5  0  0  0  0
   21.0667    2.6954   -0.0378 O   0  0  0  0  0  0
   19.4905    3.9185    1.3599 C   0  0  0  0  0  0
   20.2072    3.8265   -0.0194 C   0  0  0  0  0  0
   18.5292    5.1368    1.3483 C   0  0  0  0  0  0
   18.6226    2.6390    1.5329 C   0  0  0  0  0  0
   20.5780    4.0577    2.4909 C   0  0  1  0  0  0
   21.2867    5.2902    2.3881 O   0  0  0  0  0  0
   20.1054    3.8224    3.9450 C   0  0  0  0  0  0
   19.9548    2.6613    4.3280 O   0  0  0  0  0  0
   19.9338    4.8900    4.7509 N   0  0  0  0  0  0
   19.7885    4.8829    6.2117 C   0  0  0  0  0  0
   18.8394    3.8384    6.8491 C   0  0  0  0  0  0
   17.3608    4.0568    6.5324 C   0  0  0  0  0  0
   16.6339    4.5943    7.3665 O   0  0  0  0  0  0
   16.9355    3.6098    5.3400 N   0  0  0  0  0  0
   15.5542    3.6127    4.8597 C   0  0  0  0  0  0
   14.8657    4.9903    4.8166 C   0  0  0  0  0  0
   13.1910    4.8026    4.1464 S   0  0  0  0  0  0
  1  2  1  0
  1  6  2  0
  2  3  2  0
  3  4  1  0
  4  5  2  0
  4 10  1  0
  5  6  1  0
  5  8  1  0
  6  7  1  0
  8  9  2  0
  9 10  1  0
 10 11  1  0
 11 12  1  0
 11 21  1  0
 12 13  1  0
 12 14  1  0
 14 15  1  0
 14 20  1  0
 15 16  1  0
 16 17  2  0
 16 18  1  0
 16 19  1  0
 20 21  1  0
 20 22  1  0
 22 23  1  0
 23 24  1  0
 24 25  2  0
 24 26  1  0
 24 27  1  0
 27 28  1  0
 28 29  2  0
 28 30  1  0
 28 31  1  0
 31 33  1  0
 32 33  1  0
 32 34  1  0
 32 35  1  0
 32 36  1  0
 36 37  1  0
 36 38  1  0
 38 39  2  0
 38 40  1  0
 40 41  1  0
 41 42  1  0
 42 43  1  0
 43 44  2  0
 43 45  1  0
 45 46  1  0
 46 47  1  0
 47 48  1  0
M  CHG  4  18  -1  19  -1  26  -1  30  -1
M  END
POSE 2
COA
                    3D
 
 48 50  0  0  1  0            999 V2000
   29.6372   10.6638    0.6366 N   0  0  0  0  0  0
   28.3279   10.9430    0.6058 C   0  0  0  0  0  0
   27.4049   10.5760   -0.2955 N   0  0  0  0  0  0
   27.9415    9.8257   -1.2905 C   0  0  0  0  0  0
   29.2768    9.4789   -1.4043 C   0  0  0  0  0  0
   30.1509    9.9193   -0.3795 C   0  0  0  0  0  0
   31.5102    9.6210   -0.3514 N   0  0  0  0  0  0
   29.4908    8.7553   -2.5140 N   0  0  0  0  0  0
   28.3025    8.6363   -3.0598 C   0  0  0  0  0  0
   27.3195    9.2418   -2.3640 N   0  0  0  0  0  0
   25.8316    9.3003   -2.6629 C   0  0  1  0  0  0
   25.3517    9.5304   -4.1092 C   0  0  2  0  0  0
   24.9635   10.8855   -4.2640 O   0  0  0  0  0  0
   24.1981    8.5125   -4.1770 C   0  0  2  0  0  0
   23.0297    8.9670   -4.8451 O   0  0  0  0  0  0
   22.9637    9.2481   -6.5811 P   0  0  0  0  0  0
   23.5059    7.9791   -7.2674 O   0  0  0  0  0  0
   23.8377   10.4919   -6.8271 O   0  5  0  0  0  0
   21.4758    9.4985   -6.8852 O   0  5  0  0  0  0
   23.8426    8.2274   -2.7188 C   0  0  2  0  0  0
   25.1508    8.1832   -2.1708 O   0  0  0  0  0  0
   23.0255    6.9564   -2.4044 C   0  0  0  0  0  0
   22.9732    6.0187   -3.4672 O   0  0  0  0  0  0
   23.9901    4.6297   -3.4109 P   0  0  0  0  0  0
   25.3405    5.0113   -2.8506 O   0  0  0  0  0  0
   23.8298    3.9051   -4.7231 O   0  5  0  0  0  0
   23.1831    3.6938   -2.2336 O   0  0  0  0  0  0
   23.1779    3.3830   -0.5600 P   0  0  0  0  0  0
   23.7623    4.5837    0.1423 O   0  0  0  0  0  0
   23.6994    1.9791   -0.3579 O   0  5  0  0  0  0
   21.4699    3.3610   -0.2842 O   0  0  0  0  0  0
   20.2114    4.9907    1.0921 C   0  0  0  0  0  0
   20.7572    4.5922   -0.3154 C   0  0  0  0  0  0
   19.3440    6.2646    0.9352 C   0  0  0  0  0  0
   19.2881    3.8386    1.5761 C   0  0  0  0  0  0
   21.3962    5.2564    2.0984 C   0  0  1  0  0  0
   22.2522    6.2861    1.6061 O   0  0  0  0  0  0
   21.0119    5.5424    3.5795 C   0  0  0  0  0  0
   20.5223    4.6390    4.2585 O   0  0  0  0  0  0
   21.2895    6.7538    4.1004 N   0  0  0  0  0  0
   21.1918    7.1244    5.5181 C   0  0  0  0  0  0
   22.2655    8.1288    6.0183 C   0  0  0  0  0  0
   23.6603    7.9518    5.3992 C   0  0  0  0  0  0
   24.3084    6.9268    5.5970 O   0  0  0  0  0  0
   24.0890    8.9313    4.5923 N   0  0  0  0  0  0
   24.0761    8.7194    3.1506 C   0  0  0  0  0  0
   24.7592    9.8546    2.3783 C   0  0  0  0  0  0
   24.3051    9.6967    0.6333 S   0  0  0  0  0  0
  1  2  1  0
  1  6  2  0
  2  3  2  0
  3  4  1  0
  4  5  2  0
  4 10  1  0
  5  6  1  0
  5  8  1  0
  6  7  1  0
  8  9  2  0
  9 10  1  0
 10 11  1  0
 11 12  1  0
 11 21  1  0
 12 13  1  0
 12 14  1  0
 14 15  1  0
 14 20  1  0
 15 16  1  0
 16 17  2  0
 16 18  1  0
 16 19  1  0
 20 21  1  0
 20 22  1  0
 22 23  1  0
 23 24  1  0
 24 25  2  0
 24 26  1  0
 24 27  1  0
 27 28  1  0
 28 29  2  0
 28 30  1  0
 28 31  1  0
 31 33  1  0
 32 33  1  0
 32 34  1  0
 32 35  1  0
 32 36  1  0
 36 37  1  0
 36 38  1  0
 38 39  2  0
 38 40  1  0
 40 41  1  0
 41 42  1  0
 42 43  1  0
 43 44  2  0
 43 45  1  0
 45 46  1  0
 46 47  1  0
 47 48  1  0
M  CHG  4  18  -1  19  -1  26  -1  30  -1
M  END
POSE 3
COA
                    3D
 
 48 50  0  0  1  0            999 V2000
   31.5574    4.9068   -6.2840 N   0  0  0  0  0  0
   31.0304    5.9296   -5.5961 C   0  0  0  0  0  0
   29.7436    6.2861   -5.4550 N   0  0  0  0  0  0
   28.9196    5.4510   -6.1356 C   0  0  0  0  0  0
   29.3181    4.3616   -6.8934 C   0  0  0  0  0  0
   30.7047    4.0853   -6.9529 C   0  0  0  0  0  0
   31.2399    3.0164   -7.6671 N   0  0  0  0  0  0
   28.2648    3.7546   -7.4605 N   0  0  0  0  0  0
   27.2357    4.4576   -7.0593 C   0  0  0  0  0  0
   27.5562    5.4903   -6.2523 N   0  0  0  0  0  0
   26.6404    6.5435   -5.6577 C   0  0  1  0  0  0
   25.4363    6.9512   -6.4887 C   0  0  2  0  0  0
   25.8457    7.7716   -7.5675 O   0  0  0  0  0  0
   24.5558    7.5815   -5.4071 C   0  0  2  0  0  0
   24.5684    8.9960   -5.4786 O   0  0  0  0  0  0
   23.3952    9.8609   -6.4573 P   0  0  0  0  0  0
   23.7143   11.3503   -6.2417 O   0  0  0  0  0  0
   22.0127    9.4485   -5.9166 O   0  5  0  0  0  0
   23.6318    9.3937   -7.9069 O   0  5  0  0  0  0
   25.1566    7.1773   -4.0520 C   0  0  2  0  0  0
   26.1383    6.2009   -4.4020 O   0  0  0  0  0  0
   24.1225    6.6774   -3.0222 C   0  0  0  0  0  0
   23.3709    5.5813   -3.5141 O   0  0  0  0  0  0
   23.9794    3.9938   -3.2230 P   0  0  0  0  0  0
   25.3219    4.0603   -2.5378 O   0  0  0  0  0  0
   23.7178    3.1521   -4.4460 O   0  5  0  0  0  0
   22.8659    3.5284   -2.0415 O   0  0  0  0  0  0
   22.8682    3.1749   -0.3867 P   0  0  0  0  0  0
   23.2594    4.4248    0.3747 O   0  0  0  0  0  0
   23.5873    1.8562   -0.2203 O   0  5  0  0  0  0
   21.1713    2.9064   -0.2457 O   0  0  0  0  0  0
   19.5689    4.0262    1.1993 C   0  0  0  0  0  0
   20.3084    4.0321   -0.1680 C   0  0  0  0  0  0
   18.6421    5.2695    1.2731 C   0  0  0  0  0  0
   18.6636    2.7619    1.2400 C   0  0  0  0  0  0
   20.6325    4.0324    2.3644 C   0  0  1  0  0  0
   21.3708    5.2502    2.3986 O   0  0  0  0  0  0
   20.0970    3.6868    3.7758 C   0  0  0  0  0  0
   19.9770    2.5013    4.0865 O   0  0  0  0  0  0
   19.8115    4.6858    4.6326 N   0  0  0  0  0  0
   19.4378    4.5171    6.0412 C   0  0  0  0  0  0
   18.2282    3.5936    6.3412 C   0  0  0  0  0  0
   16.9037    4.1713    5.8518 C   0  0  0  0  0  0
   16.2646    4.9161    6.5925 O   0  0  0  0  0  0
   16.5153    3.8392    4.6098 N   0  0  0  0  0  0
   15.3574    4.4006    3.9164 C   0  0  0  0  0  0
   13.9958    4.0799    4.5675 C   0  0  0  0  0  0
   12.6800    4.9589    3.6872 S   0  0  0  0  0  0
  1  2  1  0
  1  6  2  0
  2  3  2  0
  3  4  1  0
  4  5  2  0
  4 10  1  0
  5  6  1  0
  5  8  1  0
  6  7  1  0
  8  9  2  0
  9 10  1  0
 10 11  1  0
 11 12  1  0
 11 21  1  0
 12 13  1  0
 12 14  1  0
 14 15  1  0
 14 20  1  0
 15 16  1  0
 16 17  2  0
 16 18  1  0
 16 19  1  0
 20 21  1  0
 20 22  1  0
 22 23  1  0
 23 24  1  0
 24 25  2  0
 24 26  1  0
 24 27  1  0
 27 28  1  0
 28 29  2  0
 28 30  1  0
 28 31  1  0
 31 33  1  0
 32 33  1  0
 32 34  1  0
 32 35  1  0
 32 36  1  0
 36 37  1  0
 36 38  1  0
 38 39  2  0
 38 40  1  0
 40 41  1  0
 41 42  1  0
 42 43  1  0
 43 44  2  0
 43 45  1  0
 45 46  1  0
 46 47  1  0
 47 48  1  0
M  CHG  4  18  -1  19  -1  26  -1  30  -1
M  END
POSE 4
COA
                    3D
 
 48 50  0  0  1  0            999 V2000
   24.1653    7.1443    2.0726 N   0  0  0  0  0  0
   23.7077    6.5913    0.9453 C   0  0  0  0  0  0
   23.9064    6.9482   -0.3280 N   0  0  0  0  0  0
   24.7541    7.9986   -0.4213 C   0  0  0  0  0  0
   25.3330    8.6604    0.6470 C   0  0  0  0  0  0
   24.9776    8.2252    1.9498 C   0  0  0  0  0  0
   25.4431    8.8197    3.1202 N   0  0  0  0  0  0
   26.1667    9.6239    0.2180 N   0  0  0  0  0  0
   26.0832    9.5668   -1.0888 C   0  0  0  0  0  0
   25.2052    8.6483   -1.5360 N   0  0  0  0  0  0
   24.7390    8.4544   -2.9646 C   0  0  1  0  0  0
   25.6931    7.8279   -3.9729 C   0  0  2  0  0  0
   26.7414    8.7179   -4.3131 O   0  0  0  0  0  0
   24.6744    7.5473   -5.0857 C   0  0  2  0  0  0
   24.4401    8.7704   -5.7868 O   0  0  0  0  0  0
   23.0985    9.0603   -6.9031 P   0  0  0  0  0  0
   23.0704    7.8542   -7.8636 O   0  0  0  0  0  0
   21.8141    9.1791   -6.0618 O   0  5  0  0  0  0
   23.4508   10.3826   -7.6036 O   0  5  0  0  0  0
   23.4206    7.1020   -4.3122 C   0  0  2  0  0  0
   23.5637    7.7032   -3.0338 O   0  0  0  0  0  0
   23.2301    5.5994   -4.1754 C   0  0  0  0  0  0
   24.3851    5.0828   -3.5799 O   0  0  0  0  0  0
   24.6889    3.4262   -3.7685 P   0  0  0  0  0  0
   25.9889    3.1690   -3.0858 O   0  0  0  0  0  0
   24.3682    2.9788   -5.1749 O   0  5  0  0  0  0
   23.5856    2.7784   -2.7017 O   0  0  0  0  0  0
   23.6091    2.6577   -1.0211 P   0  0  0  0  0  0
   24.2431    3.8999   -0.4541 O   0  0  0  0  0  0
   24.0232    1.2635   -0.6198 O   0  5  0  0  0  0
   21.9069    2.7774   -0.9514 O   0  0  0  0  0  0
   20.2748    4.2089    0.1212 C   0  0  0  0  0  0
   21.3321    4.0699   -1.0061 C   0  0  0  0  0  0
   19.7525    5.6621    0.0617 C   0  0  0  0  0  0
   19.1206    3.2228   -0.2034 C   0  0  0  0  0  0
   20.8929    3.9640    1.5479 C   0  0  2  0  0  0
   21.7158    2.8221    1.6045 O   0  0  0  0  0  0
   19.9111    3.9101    2.7300 C   0  0  0  0  0  0
   19.5416    2.8334    3.2072 O   0  0  0  0  0  0
   19.5512    5.1091    3.2228 N   0  0  0  0  0  0
   18.8833    5.3568    4.4988 C   0  0  0  0  0  0
   17.6413    4.5031    4.8459 C   0  0  0  0  0  0
   16.5446    4.5096    3.7877 C   0  0  0  0  0  0
   16.7124    3.9509    2.7014 O   0  0  0  0  0  0
   15.4100    5.1334    4.1318 N   0  0  0  0  0  0
   14.2851    5.1765    3.2289 C   0  0  0  0  0  0
   13.0096    5.7584    3.8141 C   0  0  0  0  0  0
   11.7743    5.4984    2.5243 S   0  0  0  0  0  0
  1  2  1  0
  1  6  2  0
  2  3  2  0
  3  4  1  0
  4  5  2  0
  4 10  1  0
  5  6  1  0
  5  8  1  0
  6  7  1  0
  8  9  2  0
  9 10  1  0
 10 11  1  0
 11 12  1  0
 11 21  1  0
 12 13  1  0
 12 14  1  0
 14 15  1  0
 14 20  1  0
 15 16  1  0
 16 17  2  0
 16 18  1  0
 16 19  1  0
 20 21  1  0
 20 22  1  0
 22 23  1  0
 23 24  1  0
 24 25  2  0
 24 26  1  0
 24 27  1  0
 27 28  1  0
 28 29  2  0
 28 30  1  0
 28 31  1  0
 31 33  1  0
 32 33  1  0
 32 34  1  0
 32 35  1  0
 32 36  1  0
 36 37  1  0
 36 38  1  0
 38 39  2  0
 38 40  1  0
 40 41  1  0
 41 42  1  0
 42 43  1  0
 43 44  2  0
 43 45  1  0
 45 46  1  0
 46 47  1  0
 47 48  1  0
M  CHG  4  18  -1  19  -1  26  -1  30  -1
M  END
POSE 5
COA
                    3D
 
 48 50  0  0  1  0            999 V2000
   30.7236    6.6530   -7.2658 N   0  0  0  0  0  0
   30.1886    7.7217   -6.6572 C   0  0  0  0  0  0
   28.9751    7.8642   -6.1017 N   0  0  0  0  0  0
   28.2380    6.7317   -6.2176 C   0  0  0  0  0  0
   28.6514    5.5589   -6.8303 C   0  0  0  0  0  0
   29.9610    5.5310   -7.3634 C   0  0  0  0  0  0
   30.5063    4.4134   -7.9915 N   0  0  0  0  0  0
   27.6778    4.6363   -6.8137 N   0  0  0  0  0  0
   26.6839    5.2299   -6.2006 C   0  0  0  0  0  0
   26.9638    6.4801   -5.7880 N   0  0  0  0  0  0
   26.0240    7.4534   -5.1066 C   0  0  1  0  0  0
   24.6652    7.6439   -5.7648 C   0  0  2  0  0  0
   24.7400    8.4706   -6.9125 O   0  0  0  0  0  0
   23.8867    8.2089   -4.5873 C   0  0  2  0  0  0
   24.0563    9.6118   -4.5008 O   0  0  0  0  0  0
   22.6600   10.6619   -4.5612 P   0  0  0  0  0  0
   21.7442   10.2031   -3.4120 O   0  0  0  0  0  0
   23.1986   12.0902   -4.3611 O   0  5  0  0  0  0
   22.0416   10.4269   -5.9521 O   0  5  0  0  0  0
   24.5256    7.6119   -3.3341 C   0  0  2  0  0  0
   25.7656    7.0688   -3.7880 O   0  0  0  0  0  0
   23.6523    6.5576   -2.6320 C   0  0  0  0  0  0
   23.2435    5.5325   -3.5256 O   0  0  0  0  0  0
   24.1353    4.0575   -3.5112 P   0  0  0  0  0  0
   25.5200    4.3016   -2.9654 O   0  0  0  0  0  0
   23.8880    3.3281   -4.8069 O   0  5  0  0  0  0
   23.2663    3.2446   -2.3038 O   0  0  0  0  0  0
   23.1774    3.1508   -0.6148 P   0  0  0  0  0  0
   23.8227    4.3811   -0.0298 O   0  0  0  0  0  0
   23.5669    1.7484   -0.2137 O   0  5  0  0  0  0
   21.4650    3.3116   -0.4304 O   0  0  0  0  0  0
   20.3820    5.0498    0.9905 C   0  0  0  0  0  0
   20.9167    4.6263   -0.4158 C   0  0  0  0  0  0
   19.1868    4.1287    1.3608 C   0  0  0  0  0  0
   19.8353    6.4945    0.8395 C   0  0  0  0  0  0
   21.5180    4.9945    2.0899 C   0  0  2  0  0  0
   21.9870    3.6567    2.2429 O   0  0  0  0  0  0
   21.1181    5.5472    3.4863 C   0  0  0  0  0  0
   21.0786    6.7623    3.6849 O   0  0  0  0  0  0
   20.8204    4.6415    4.4335 N   0  0  0  0  0  0
   20.2401    4.8759    5.7481 C   0  0  0  0  0  0
   18.9858    3.9967    5.9414 C   0  0  0  0  0  0
   17.7878    4.4611    5.1058 C   0  0  0  0  0  0
   17.6888    5.6433    4.7839 O   0  0  0  0  0  0
   16.8772    3.5362    4.7687 N   0  0  0  0  0  0
   15.6287    3.8290    4.0640 C   0  0  0  0  0  0
   14.4205    3.7085    5.0056 C   0  0  0  0  0  0
   12.8887    4.0851    4.1130 S   0  0  0  0  0  0
  1  2  1  0
  1  6  2  0
  2  3  2  0
  3  4  1  0
  4  5  2  0
  4 10  1  0
  5  6  1  0
  5  8  1  0
  6  7  1  0
  8  9  2  0
  9 10  1  0
 10 11  1  0
 11 12  1  0
 11 21  1  0
 12 13  1  0
 12 14  1  0
 14 15  1  0
 14 20  1  0
 15 16  1  0
 16 17  2  0
 16 18  1  0
 16 19  1  0
 20 21  1  0
 20 22  1  0
 22 23  1  0
 23 24  1  0
 24 25  2  0
 24 26  1  0
 24 27  1  0
 27 28  1  0
 28 29  2  0
 28 30  1  0
 28 31  1  0
 31 33  1  0
 32 33  1  0
 32 34  1  0
 32 35  1  0
 32 36  1  0
 36 37  1  0
 36 38  1  0
 38 39  2  0
 38 40  1  0
 40 41  1  0
 41 42  1  0
 42 43  1  0
 43 44  2  0
 43 45  1  0
 45 46  1  0
 46 47  1  0
 47 48  1  0
M  CHG  4  18  -1  19  -1  26  -1  30  -1
M  END
LIGAND 002 COA
POSE 1
COA
                    3D
 
 48 50  0  0  1  0            999 V2000
  -25.8855   12.2995   14.7753 N   0  0  0  0  0  0
  -25.2607   13.4424   14.4561 C   0  0  0  0  0  0
  -24.0207   13.6280   13.9754 N   0  0  0  0  0  0
  -23.3684   12.4497   13.8208 C   0  0  0  0  0  0
  -23.8799   11.1959   14.1149 C   0  0  0  0  0  0
  -25.2050   11.1344   14.6059 C   0  0  0  0  0  0
  -25.8442    9.9411   14.9323 N   0  0  0  0  0  0
  -22.9734   10.2352   13.8792 N   0  0  0  0  0  0
  -21.9244   10.8858   13.4458 C   0  0  0  0  0  0
  -22.0977   12.2211   13.3724 N   0  0  0  0  0  0
  -21.0820   13.2728   12.9640 C   0  0  1  0  0  0
  -20.1321   13.6800   14.1001 C   0  0  2  0  0  0
  -19.7482   15.0366   13.9400 O   0  0  0  0  0  0
  -19.0317   12.6687   13.8402 C   0  0  2  0  0  0
  -17.8276   12.9591   14.5286 O   0  0  0  0  0  0
  -17.0398   11.7875   15.5968 P   0  0  0  0  0  0
  -15.6388   11.5632   15.0001 O   0  0  0  0  0  0
  -17.8898   10.5001   15.6013 O   0  5  0  0  0  0
  -16.9991   12.4699   16.9744 O   0  5  0  0  0  0
  -18.8755   12.6993   12.3312 C   0  0  2  0  0  0
  -20.2516   12.7389   11.9557 O   0  0  0  0  0  0
  -18.1492   11.4648   11.7692 C   0  0  0  0  0  0
  -18.2038   11.4113   10.3539 O   0  0  0  0  0  0
  -19.4994   10.5175    9.6492 P   0  0  0  0  0  0
  -20.6232   11.4616    9.3086 O   0  0  0  0  0  0
  -19.7179    9.2404   10.4188 O   0  5  0  0  0  0
  -18.7514   10.1085    8.1933 O   0  0  0  0  0  0
  -18.6142   10.7511    6.6379 P   0  0  0  0  0  0
  -19.7594   10.1874    5.8300 O   0  0  0  0  0  0
  -18.3414   12.2359    6.7596 O   0  5  0  0  0  0
  -17.1667    9.9194    6.1946 O   0  0  0  0  0  0
  -15.0579   10.9085    5.4817 C   0  0  0  0  0  0
  -15.9190   10.3998    6.6751 C   0  0  0  0  0  0
  -13.6861   11.3943    6.0208 C   0  0  0  0  0  0
  -14.7892    9.7010    4.5383 C   0  0  0  0  0  0
  -15.8319   12.0717    4.7543 C   0  0  1  0  0  0
  -15.9680   13.2160    5.5933 O   0  0  0  0  0  0
  -15.3173   12.4826    3.3544 C   0  0  0  0  0  0
  -15.6172   11.7741    2.3924 O   0  0  0  0  0  0
  -14.6131   13.6263    3.2334 N   0  0  0  0  0  0
  -14.2968   14.3447    1.9928 C   0  0  0  0  0  0
  -13.7970   13.5250    0.7778 C   0  0  0  0  0  0
  -12.4168   12.8979    0.9676 C   0  0  0  0  0  0
  -11.4308   13.4363    0.4666 O   0  0  0  0  0  0
  -12.3748   11.7524    1.6668 N   0  0  0  0  0  0
  -11.1932   10.9201    1.8899 C   0  0  0  0  0  0
  -10.0043   11.6196    2.5761 C   0  0  0  0  0  0
   -8.6630   10.4231    2.8173 S   0  0  0  0  0  0
  1  2  1  0
  1  6  2  0
  2  3  2  0
  3  4  1  0
  4  5  2  0
  4 10  1  0
  5  6  1  0
  5  8  1  0
  6  7  1  0
  8  9  2  0
  9 10  1  0
 10 11  1  0
 11 12  1  0
 11 21  1  0
 12 13  1  0
 12 14  1  0
 14 15  1  0
 14 20  1  0
 15 16  1  0
 16 17  2  0
 16 18  1  0
 16 19  1  0
 20 21  1  0
 20 22  1  0
 22 23  1  0
 23 24  1  0
 24 25  2  0
 24 26  1  0
 24 27  1  0
 27 28  1  0
 28 29  2  0
 28 30  1  0
 28 31  1  0
 31 33  1  0
 32 33  1  0
 32 34  1  0
 32 35  1  0
 32 36  1  0
 36 37  1  0
 36 38  1  0
 38 39  2  0
 38 40  1  0
 40 41  1  0
 41 42  1  0
 42 43  1  0
 43 44  2  0
 43 45  1  0
 45 46  1  0
 46 47  1  0
 47 48  1  0
M  CHG  4  18  -1  19  -1  26  -1  30  -1
M  END
POSE 2
COA
                    3D
 
 48 50  0  0  1  0            999 V2000
  -21.4611   19.7012   11.0194 N   0  0  0  0  0  0
  -20.1709   19.3428   11.0254 C   0  0  0  0  0  0
  -19.6103   18.2046   11.4603 N   0  0  0  0  0  0
  -20.5347   17.3443   11.9566 C   0  0  0  0  0  0
  -21.8952   17.5863   12.0382 C   0  0  0  0  0  0
  -22.3652   18.8242   11.5334 C   0  0  0  0  0  0
  -23.7088   19.1880   11.5259 N   0  0  0  0  0  0
  -22.5331   16.5494   12.6028 N   0  0  0  0  0  0
  -21.5845   15.6731   12.8400 C   0  0  0  0  0  0
  -20.3577   16.0802   12.4576 N   0  0  0  0  0  0
  -19.0336   15.3416   12.5456 C   0  0  1  0  0  0
  -18.6926   14.5335   13.8128 C   0  0  2  0  0  0
  -17.7976   15.2819   14.6189 O   0  0  0  0  0  0
  -18.0888   13.2693   13.1735 C   0  0  2  0  0  0
  -16.9344   12.7561   13.8232 O   0  0  0  0  0  0
  -16.9818   12.0027   15.4129 P   0  0  0  0  0  0
  -18.0879   10.9301   15.3741 O   0  0  0  0  0  0
  -17.2803   13.1473   16.3988 O   0  5  0  0  0  0
  -15.5782   11.4019   15.6082 O   0  5  0  0  0  0
  -17.6998   13.6947   11.7587 C   0  0  2  0  0  0
  -18.8241   14.5026   11.4475 O   0  0  0  0  0  0
  -17.4550   12.5905   10.7085 C   0  0  0  0  0  0
  -17.9367   11.3106   11.0845 O   0  0  0  0  0  0
  -19.4240   10.7470   10.4237 P   0  0  0  0  0  0
  -20.4069   11.8912   10.3363 O   0  0  0  0  0  0
  -19.7518    9.4443   11.1080 O   0  5  0  0  0  0
  -18.9369   10.3560    8.8353 O   0  0  0  0  0  0
  -18.8459   11.0244    7.2724 P   0  0  0  0  0  0
  -18.7796   12.5257    7.4071 O   0  0  0  0  0  0
  -19.8751   10.3213    6.4179 O   0  5  0  0  0  0
  -17.2833   10.4434    6.8095 O   0  0  0  0  0  0
  -15.2932   11.8518    6.3738 C   0  0  0  0  0  0
  -16.1322   11.0318    7.4041 C   0  0  0  0  0  0
  -14.0014   12.3395    7.0761 C   0  0  0  0  0  0
  -14.8813   10.8815    5.2323 C   0  0  0  0  0  0
  -16.1180   13.0814    5.8309 C   0  0  1  0  0  0
  -16.5215   13.9294    6.9049 O   0  0  0  0  0  0
  -15.4617   13.9258    4.6998 C   0  0  0  0  0  0
  -15.3108   13.4236    3.5854 O   0  0  0  0  0  0
  -15.1383   15.2095    4.9517 N   0  0  0  0  0  0
  -14.7126   16.2015    3.9560 C   0  0  0  0  0  0
  -15.1944   17.6547    4.2171 C   0  0  0  0  0  0
  -16.6028   17.7747    4.8189 C   0  0  0  0  0  0
  -17.5881   17.4000    4.1877 O   0  0  0  0  0  0
  -16.6835   18.2386    6.0729 N   0  0  0  0  0  0
  -16.9466   17.3039    7.1595 C   0  0  0  0  0  0
  -17.1867   18.0067    8.5012 C   0  0  0  0  0  0
  -17.0695   16.7646    9.8125 S   0  0  0  0  0  0
  1  2  1  0
  1  6  2  0
  2  3  2  0
  3  4  1  0
  4  5  2  0
  4 10  1  0
  5  6  1  0
  5  8  1  0
  6  7  1  0
  8  9  2  0
  9 10  1  0
 10 11  1  0
 11 12  1  0
 11 21  1  0
 12 13  1  0
 12 14  1  0
 14 15  1  0
 14 20  1  0
 15 16  1  0
 16 17  2  0
 16 18  1  0
 16 19  1  0
 20 21  1  0
 20 22  1  0
 22 23  1  0
 23 24  1  0
 24 25  2  0
 24 26  1  0
 24 27  1  0
 27 28  1  0
 28 29  2  0
 28 30  1  0
 28 31  1  0
 31 33  1  0
 32 33  1  0
 32 34  1  0
 32 35  1  0
 32 36  1  0
 36 37  1  0
 36 38  1  0
 38 39  2  0
 38 40  1  0
 40 41  1  0
 41 42  1  0
 42 43  1  0
 43 44  2  0
 43 45  1  0
 45 46  1  0
 46 47  1  0
 47 48  1  0
M  CHG  4  18  -1  19  -1  26  -1  30  -1
M  END
POSE 3
COA
                    3D
 
 48 50  0  0  1  0            999 V2000
  -26.4856   12.5665   13.9478 N   0  0  0  0  0  0
  -25.4957   13.4657   13.8550 C   0  0  0  0  0  0
  -24.1712   13.2656   13.7621 N   0  0  0  0  0  0
  -23.8666   11.9440   13.7746 C   0  0  0  0  0  0
  -24.7778   10.9048   13.8733 C   0  0  0  0  0  0
  -26.1480   11.2491   13.9541 C   0  0  0  0  0  0
  -27.1679   10.3054   14.0451 N   0  0  0  0  0  0
  -24.1571    9.7157   13.8838 N   0  0  0  0  0  0
  -22.8861   10.0169   13.7934 C   0  0  0  0  0  0
  -22.6390   11.3411   13.7164 N   0  0  0  0  0  0
  -21.2988   12.0502   13.6674 C   0  0  1  0  0  0
  -20.1528   11.4004   14.4232 C   0  0  2  0  0  0
  -20.3178   11.5936   15.8160 O   0  0  0  0  0  0
  -18.9581   12.0756   13.7457 C   0  0  2  0  0  0
  -18.3880   13.0795   14.5662 O   0  0  0  0  0  0
  -17.0980   12.6985   15.6945 P   0  0  0  0  0  0
  -16.7353   14.0395   16.3555 O   0  0  0  0  0  0
  -15.9569   12.1094   14.8433 O   0  5  0  0  0  0
  -17.6931   11.6765   16.6829 O   0  5  0  0  0  0
  -19.4922   12.7575   12.4767 C   0  0  2  0  0  0
  -20.8281   12.2636   12.3716 O   0  0  0  0  0  0
  -18.6379   12.5122   11.2159 C   0  0  0  0  0  0
  -18.4831   11.1308   10.9403 O   0  0  0  0  0  0
  -19.6556   10.3772    9.9243 P   0  0  0  0  0  0
  -20.7469   11.3542    9.5626 O   0  0  0  0  0  0
  -19.9297    8.9943   10.4583 O   0  5  0  0  0  0
  -18.6959   10.2054    8.5453 O   0  0  0  0  0  0
  -18.6319   10.8356    6.9762 P   0  0  0  0  0  0
  -18.3636   12.3241    7.0629 O   0  0  0  0  0  0
  -19.8078   10.2583    6.2227 O   0  5  0  0  0  0
  -17.1996   10.0061    6.4947 O   0  0  0  0  0  0
  -15.1042   10.9340    5.6835 C   0  0  0  0  0  0
  -15.9434   10.5130    6.9224 C   0  0  0  0  0  0
  -13.7419   11.4983    6.1694 C   0  0  0  0  0  0
  -14.8126    9.6510    4.8537 C   0  0  0  0  0  0
  -15.9078   12.0080    4.8532 C   0  0  1  0  0  0
  -16.0589   13.2274    5.5740 O   0  0  0  0  0  0
  -15.3882   12.2888    3.4216 C   0  0  0  0  0  0
  -15.7352   11.5364    2.5107 O   0  0  0  0  0  0
  -14.6037   13.3621    3.2066 N   0  0  0  0  0  0
  -14.1561   13.8386    1.8932 C   0  0  0  0  0  0
  -13.4150   12.8177    0.9907 C   0  0  0  0  0  0
  -12.0457   12.4256    1.5373 C   0  0  0  0  0  0
  -11.0643   13.1026    1.2368 O   0  0  0  0  0  0
  -11.9954   11.3532    2.3443 N   0  0  0  0  0  0
  -10.8090   10.9092    3.0738 C   0  0  0  0  0  0
   -9.6342   10.4553    2.1825 C   0  0  0  0  0  0
   -8.1974   10.0779    3.2178 S   0  0  0  0  0  0
  1  2  1  0
  1  6  2  0
  2  3  2  0
  3  4  1  0
  4  5  2  0
  4 10  1  0
  5  6  1  0
  5  8  1  0
  6  7  1  0
  8  9  2  0
  9 10  1  0
 10 11  1  0
 11 12  1  0
 11 21  1  0
 12 13  1  0
 12 14  1  0
 14 15  1  0
 14 20  1  0
 15 16  1  0
 16 17  2  0
 16 18  1  0
 16 19  1  0
 20 21  1  0
 20 22  1  0
 22 23  1  0
 23 24  1  0
 24 25  2  0
 24 26  1  0
 24 27  1  0
 27 28  1  0
 28 29  2  0
 28 30  1  0
 28 31  1  0
 31 33  1  0
 32 33  1  0
 32 34  1  0
 32 35  1  0
 32 36  1  0
 36 37  1  0
 36 38  1  0
 38 39  2  0
 38 40  1  0
 40 41  1  0
 41 42  1  0
 42 43  1  0
 43 44  2  0
 43 45  1  0
 45 46  1  0
 46 47  1  0
 47 48  1  0
M  CHG  4  18  -1  19  -1  26  -1  30  -1
M  END
POSE 4
COA
                    3D
 
 48 50  0  0  1  0            999 V2000
  -17.8236   15.6076    7.2244 N   0  0  0  0  0  0
  -17.7885   14.4059    7.8081 C   0  0  0  0  0  0
  -17.9826   14.0670    9.0870 N   0  0  0  0  0  0
  -18.3185   15.1409    9.8384 C   0  0  0  0  0  0
  -18.4249   16.4412    9.3779 C   0  0  0  0  0  0
  -18.1188   16.6732    8.0121 C   0  0  0  0  0  0
  -18.1381   17.9317    7.4157 N   0  0  0  0  0  0
  -18.8279   17.2653   10.3608 N   0  0  0  0  0  0
  -18.9454   16.4871   11.4088 C   0  0  0  0  0  0
  -18.5969   15.2071   11.1749 N   0  0  0  0  0  0
  -18.4430   14.1033   12.2016 C   0  0  1  0  0  0
  -19.6929   13.5010   12.8295 C   0  0  2  0  0  0
  -20.3081   14.4084   13.7266 O   0  0  0  0  0  0
  -19.0375   12.2726   13.4747 C   0  0  2  0  0  0
  -18.4066   12.6951   14.6854 O   0  0  0  0  0  0
  -17.2230   11.7484   15.5980 P   0  0  0  0  0  0
  -17.8253   10.3367   15.7478 O   0  0  0  0  0  0
  -15.9095   11.7510   14.7940 O   0  5  0  0  0  0
  -17.0782   12.4888   16.9374 O   0  5  0  0  0  0
  -17.9959   11.8380   12.4284 C   0  0  2  0  0  0
  -17.7085   13.0248   11.7038 O   0  0  0  0  0  0
  -18.4343   10.7303   11.4832 C   0  0  0  0  0  0
  -19.6119   11.1533   10.8590 O   0  0  0  0  0  0
  -20.6012    9.9643   10.1663 P   0  0  0  0  0  0
  -21.7897   10.6849    9.6275 O   0  0  0  0  0  0
  -20.6812    8.7474   11.0572 O   0  5  0  0  0  0
  -19.7416    9.6015    8.7863 O   0  0  0  0  0  0
  -19.5962   10.4251    7.3234 P   0  0  0  0  0  0
  -19.5745   11.9049    7.5996 O   0  0  0  0  0  0
  -20.4989    9.7912    6.2941 O   0  5  0  0  0  0
  -18.0062    9.8397    7.1091 O   0  0  0  0  0  0
  -15.8020   10.7838    6.7719 C   0  0  0  0  0  0
  -16.9566   10.5181    7.7741 C   0  0  0  0  0  0
  -14.7331   11.5993    7.5339 C   0  0  0  0  0  0
  -15.2175    9.4048    6.3637 C   0  0  0  0  0  0
  -16.2760   11.6282    5.5310 C   0  0  2  0  0  0
  -17.4856   11.1649    4.9774 O   0  0  0  0  0  0
  -15.2628   11.8135    4.3893 C   0  0  0  0  0  0
  -15.3184   11.1260    3.3657 O   0  0  0  0  0  0
  -14.3748   12.8069    4.5755 N   0  0  0  0  0  0
  -13.5059   13.3947    3.5581 C   0  0  0  0  0  0
  -12.7005   12.4367    2.6496 C   0  0  0  0  0  0
  -11.8480   11.4156    3.3933 C   0  0  0  0  0  0
  -12.3724   10.4928    4.0209 O   0  0  0  0  0  0
  -10.5226   11.5841    3.2943 N   0  0  0  0  0  0
   -9.6094   10.6614    3.9246 C   0  0  0  0  0  0
   -8.1436   10.8698    3.5839 C   0  0  0  0  0  0
   -7.3076    9.4711    4.3597 S   0  0  0  0  0  0
  1  2  1  0
  1  6  2  0
  2  3  2  0
  3  4  1  0
  4  5  2  0
  4 10  1  0
  5  6  1  0
  5  8  1  0
  6  7  1  0
  8  9  2  0
  9 10  1  0
 10 11  1  0
 11 12  1  0
 11 21  1  0
 12 13  1  0
 12 14  1  0
 14 15  1  0
 14 20  1  0
 15 16  1  0
 16 17  2  0
 16 18  1  0
 16 19  1  0
 20 21  1  0
 20 22  1  0
 22 23  1  0
 23 24  1  0
 24 25  2  0
 24 26  1  0
 24 27  1  0
 27 28  1  0
 28 29  2  0
 28 30  1  0
 28 31  1  0
 31 33  1  0
 32 33  1  0
 32 34  1  0
 32 35  1  0
 32 36  1  0
 36 37  1  0
 36 38  1  0
 38 39  2  0
 38 40  1  0
 40 41  1  0
 41 42  1  0
 42 43  1  0
 43 44  2  0
 43 45  1  0
 45 46  1  0
 46 47  1  0
 47 48  1  0
M  CHG  4  18  -1  19  -1  26  -1  30  -1
M  END
POSE 5
COA
                    3D
 
 48 50  0  0  1  0            999 V2000
  -25.1333   12.9716   15.5957 N   0  0  0  0  0  0
  -24.1273   13.8585   15.5926 C   0  0  0  0  0  0
  -22.9046   13.7547   15.0488 N   0  0  0  0  0  0
  -22.7294   12.5545   14.4421 C   0  0  0  0  0  0
  -23.6701   11.5382   14.3770 C   0  0  0  0  0  0
  -24.9284   11.7782   14.9761 C   0  0  0  0  0  0
  -25.9667   10.8493   14.9705 N   0  0  0  0  0  0
  -23.1775   10.4643   13.7418 N   0  0  0  0  0  0
  -21.9565   10.8138   13.4206 C   0  0  0  0  0  0
  -21.6330   12.0688   13.7839 N   0  0  0  0  0  0
  -20.2933   12.7559   13.6165 C   0  0  1  0  0  0
  -19.0766   11.9750   14.0916 C   0  0  2  0  0  0
  -18.9469   11.9962   15.5019 O   0  0  0  0  0  0
  -17.9884   12.6964   13.3123 C   0  0  2  0  0  0
  -17.5440   13.8422   14.0152 O   0  0  0  0  0  0
  -15.8575   13.9968   14.4484 P   0  0  0  0  0  0
  -15.0770   13.8951   13.1254 O   0  0  0  0  0  0
  -15.7197   15.3763   15.1180 O   0  5  0  0  0  0
  -15.5790   12.8197   15.4018 O   0  5  0  0  0  0
  -18.6505   13.1982   12.0298 C   0  0  2  0  0  0
  -20.0512   13.0739   12.2773 O   0  0  0  0  0  0
  -18.2146   12.4376   10.7654 C   0  0  0  0  0  0
  -18.3903   11.0356   10.9072 O   0  0  0  0  0  0
  -19.8065   10.3342   10.2190 P   0  0  0  0  0  0
  -20.8795   11.3842   10.0743 O   0  0  0  0  0  0
  -20.0559    9.0006   10.8757 O   0  5  0  0  0  0
  -19.2084   10.0237    8.6635 O   0  0  0  0  0  0
  -18.9495   10.8246    7.1934 P   0  0  0  0  0  0
  -18.9407   12.3100    7.4497 O   0  0  0  0  0  0
  -19.8336   10.1743    6.1567 O   0  5  0  0  0  0
  -17.3184   10.3266    6.9043 O   0  0  0  0  0  0
  -15.4351   11.9118    6.5124 C   0  0  0  0  0  0
  -16.2744   11.0695    7.5268 C   0  0  0  0  0  0
  -14.6968   10.9364    5.5544 C   0  0  0  0  0  0
  -14.3596   12.6617    7.3429 C   0  0  0  0  0  0
  -16.3380   12.9357    5.7132 C   0  0  2  0  0  0
  -17.2986   12.2327    4.9283 O   0  0  0  0  0  0
  -15.5672   13.9236    4.7938 C   0  0  0  0  0  0
  -14.9987   14.9046    5.2754 O   0  0  0  0  0  0
  -15.5553   13.6438    3.4794 N   0  0  0  0  0  0
  -14.7658   14.2792    2.4341 C   0  0  0  0  0  0
  -13.9798   13.2148    1.6385 C   0  0  0  0  0  0
  -12.8162   12.6066    2.4293 C   0  0  0  0  0  0
  -12.2751   13.2592    3.3195 O   0  0  0  0  0  0
  -12.4269   11.3674    2.0960 N   0  0  0  0  0  0
  -11.2727   10.6826    2.6790 C   0  0  0  0  0  0
  -10.1147   10.5955    1.6729 C   0  0  0  0  0  0
   -8.6950    9.7530    2.4208 S   0  0  0  0  0  0
  1  2  1  0
  1  6  2  0
  2  3  2  0
  3  4  1  0
  4  5  2  0
  4 10  1  0
  5  6  1  0
  5  8  1  0
  6  7  1  0
  8  9  2  0
  9 10  1  0
 10 11  1  0
 11 12  1  0
 11 21  1  0
 12 13  1  0
 12 14  1  0
 14 15  1  0
 14 20  1  0
 15 16  1  0
 16 17  2  0
 16 18  1  0
 16 19  1  0
 20 21  1  0
 20 22  1  0
 22 23  1  0
 23 24  1  0
 24 25  2  0
 24 26  1  0
 24 27  1  0
 27 28  1  0
 28 29  2  0
 28 30  1  0
 28 31  1  0
 31 33  1  0
 32 33  1  0
 32 34  1  0
 32 35  1  0
 32 36  1  0
 36 37  1  0
 36 38  1  0
 38 39  2  0
 38 40  1  0
 40 41  1  0
 41 42  1  0
 42 43  1  0
 43 44  2  0
 43 45  1  0
 45 46  1  0
 46 47  1  0
 47 48  1  0
M  CHG  4  18  -1  19  -1  26  -1  30  -1
M  END
LIGAND 003 EPE
POSE 1
EPE
                    3D
 
 15 15  0  0  1  0            999 V2000
    4.2024    3.9435   11.2425 O   0  0  0  0  0  0
    5.6286    3.7729   11.5329 S   0  0  0  0  0  0
    6.2345    4.8936   12.2562 O   0  0  0  0  0  0
    5.9990    2.4496   12.0490 O   0  5  0  0  0  0
    6.4397    3.8265    9.8281 C   0  0  0  0  0  0
    6.2982    2.4893    9.0644 C   0  0  0  0  0  0
    7.6086    2.0555    8.5811 N   0  0  0  0  0  0
    7.6666    0.6197    8.3039 C   0  0  0  0  0  0
    9.1197    0.1928    8.0219 C   0  0  0  0  0  0
    9.7114    1.0124    6.8518 N   0  3  0  0  0  0
   11.2071    0.6535    6.6989 C   0  0  0  0  0  0
   11.8800    1.4400    5.5605 C   0  0  0  0  0  0
   13.2105    0.9980    5.4266 O   0  0  0  0  0  0
    9.4942    2.5299    7.0471 C   0  0  0  0  0  0
    8.0254    2.8134    7.3996 C   0  0  0  0  0  0
  1  2  2  0
  2  3  2  0
  2  4  1  0
  2  5  1  0
  5  6  1  0
  6  7  1  0
  7 15  1  0
  7  8  1  0
  8  9  1  0
  9 10  1  0
 10 11  1  0
 10 14  1  0
 11 12  1  0
 12 13  1  0
 14 15  1  0
M  CHG  2   4  -1  10   1
M  END
POSE 2
EPE
                    3D
 
 15 15  0  0  1  0            999 V2000
    5.6704    4.0224   11.1394 O   0  0  0  0  0  0
    6.3862    2.8366   10.6618 S   0  0  0  0  0  0
    7.8287    3.0191   10.4971 O   0  0  0  0  0  0
    6.0156    1.5974   11.3570 O   0  5  0  0  0  0
    5.6800    2.5611    8.9133 C   0  0  0  0  0  0
    6.5533    3.0510    7.7412 C   0  0  0  0  0  0
    7.9162    2.5230    7.6699 N   0  0  0  0  0  0
    7.9853    1.0599    7.7448 C   0  0  0  0  0  0
    9.4464    0.5918    7.8131 C   0  0  0  0  0  0
   10.2148    1.1035    6.5766 N   0  3  0  0  0  0
   11.6776    0.6161    6.6756 C   0  0  0  0  0  0
   12.5809    1.1284    5.5411 C   0  0  0  0  0  0
   13.0008    2.4480    5.7794 O   0  0  0  0  0  0
   10.0532    2.6299    6.4055 C   0  0  0  0  0  0
    8.5569    2.9918    6.4375 C   0  0  0  0  0  0
  1  2  2  0
  2  3  2  0
  2  4  1  0
  2  5  1  0
  5  6  1  0
  6  7  1  0
  7 15  1  0
  7  8  1  0
  8  9  1  0
  9 10  1  0
 10 11  1  0
 10 14  1  0
 11 12  1  0
 12 13  1  0
 14 15  1  0
M  CHG  2   4  -1  10   1
M  END
POSE 3
EPE
                    3D
 
 15 15  0  0  1  0            999 V2000
    7.1131    5.2037   12.3619 O   0  0  0  0  0  0
    5.9466    4.3243   12.4536 S   0  0  0  0  0  0
    6.2321    2.8934   12.3002 O   0  0  0  0  0  0
    5.0500    4.6334   13.5708 O   0  5  0  0  0  0
    4.9177    4.7615   10.9266 C   0  0  0  0  0  0
    5.5921    4.4826    9.5619 C   0  0  0  0  0  0
    6.2081    3.1629    9.3744 N   0  0  0  0  0  0
    5.9678    2.6909    8.0064 C   0  0  0  0  0  0
    6.5635    1.2969    7.7444 C   0  0  0  0  0  0
    8.0726    1.3056    8.0698 N   0  3  0  0  0  0
    8.7426   -0.0704    7.8243 C   0  0  0  0  0  0
    8.6355   -1.0723    8.9958 C   0  0  0  0  0  0
    7.3072   -1.3937    9.3511 O   0  0  0  0  0  0
    8.3513    1.8912    9.4693 C   0  0  0  0  0  0
    7.6606    3.2572    9.5716 C   0  0  0  0  0  0
  1  2  2  0
  2  3  2  0
  2  4  1  0
  2  5  1  0
  5  6  1  0
  6  7  1  0
  7 15  1  0
  7  8  1  0
  8  9  1  0
  9 10  1  0
 10 11  1  0
 10 14  1  0
 11 12  1  0
 12 13  1  0
 14 15  1  0
M  CHG  2   4  -1  10   1
M  END
POSE 4
EPE
                    3D
 
 15 15  0  0  1  0            999 V2000
   10.7782   -3.8795   12.6451 O   0  0  0  0  0  0
   10.9224   -3.8540   11.1880 S   0  0  0  0  0  0
   10.4502   -5.0619   10.5154 O   0  0  0  0  0  0
   12.2233   -3.3708   10.7286 O   0  5  0  0  0  0
    9.7325   -2.5209   10.6094 C   0  0  0  0  0  0
    9.6960   -2.4526    9.0778 C   0  0  0  0  0  0
    9.1276   -1.1329    8.5191 N   0  3  0  0  0  0
    7.6280   -0.9656    8.8350 C   0  0  0  0  0  0
    7.1262    0.3853    8.2931 C   0  0  0  0  0  0
    7.9443    1.5074    8.7611 N   0  0  0  0  0  0
    7.4268    2.7805    8.2582 C   0  0  0  0  0  0
    6.0915    3.2378    8.8703 C   0  0  0  0  0  0
    6.1280    3.2477   10.2867 O   0  0  0  0  0  0
    9.3301    1.3601    8.2994 C   0  0  0  0  0  0
    9.9853    0.0993    8.8803 C   0  0  0  0  0  0
  1  2  2  0
  2  3  2  0
  2  4  1  0
  2  5  1  0
  5  6  1  0
  6  7  1  0
  7 15  1  0
  7  8  1  0
  8  9  1  0
  9 10  1  0
 10 11  1  0
 10 14  1  0
 11 12  1  0
 12 13  1  0
 14 15  1  0
M  CHG  2   4  -1   7   1
M  END
POSE 5
EPE
                    3D
 
 15 15  0  0  1  0            999 V2000
    1.5366   -9.2933    0.2730 O   0  0  0  0  0  0
    0.4400  -10.0472    0.8907 S   0  0  0  0  0  0
    0.2149   -9.7629    2.3099 O   0  0  0  0  0  0
    0.3908  -11.4654    0.5309 O   0  5  0  0  0  0
   -1.0990   -9.3569    0.0714 C   0  0  0  0  0  0
   -1.0216   -9.5704   -1.4537 C   0  0  0  0  0  0
   -2.1661   -8.8208   -2.1839 N   0  3  0  0  0  0
   -2.0106   -7.2892   -2.0105 C   0  0  0  0  0  0
   -3.0180   -6.5244   -2.8918 C   0  0  0  0  0  0
   -2.9012   -6.8982   -4.3055 N   0  0  0  0  0  0
   -3.7789   -6.0551   -5.1301 C   0  0  0  0  0  0
   -3.3933   -6.0123   -6.6275 C   0  0  0  0  0  0
   -2.1043   -5.4655   -6.8441 O   0  0  0  0  0  0
   -3.1517   -8.3337   -4.4893 C   0  0  0  0  0  0
   -2.1594   -9.2053   -3.6839 C   0  0  0  0  0  0
  1  2  2  0
  2  3  2  0
  2  4  1  0
  2  5  1  0
  5  6  1  0
  6  7  1  0
  7 15  1  0
  7  8  1  0
  8  9  1  0
  9 10  1  0
 10 11  1  0
 10 14  1  0
 11 12  1  0
 12 13  1  0
 14 15  1  0
M  CHG  2   4  -1   7   1
M  END
LIGAND 004 EPE
POSE 1
EPE
                    3D
 
 15 15  0  0  1  0            999 V2000
   -0.0208    9.8508   -4.7242 O   0  0  0  0  0  0
   -1.3373   10.4770   -4.8732 S   0  0  0  0  0  0
   -1.3209   11.9399   -4.7962 O   0  0  0  0  0  0
   -2.1564    9.9384   -5.9658 O   0  5  0  0  0  0
   -2.2646    9.9396   -3.3180 C   0  0  0  0  0  0
   -2.7942    8.4901   -3.4174 C   0  0  0  0  0  0
   -4.2164    8.4596   -3.0776 N   0  0  0  0  0  0
   -4.9039    7.2823   -3.6096 C   0  0  0  0  0  0
   -6.4255    7.4245   -3.4155 C   0  0  0  0  0  0
   -6.7665    7.6442   -1.9234 N   0  3  0  0  0  0
   -8.2814    7.9233   -1.7949 C   0  0  0  0  0  0
   -8.7052    8.1697   -0.3364 C   0  0  0  0  0  0
  -10.1038    8.3291   -0.2897 O   0  0  0  0  0  0
   -5.9124    8.7710   -1.2998 C   0  0  0  0  0  0
   -4.4274    8.5550   -1.6317 C   0  0  0  0  0  0
  1  2  2  0
  2  3  2  0
  2  4  1  0
  2  5  1  0
  5  6  1  0
  6  7  1  0
  7 15  1  0
  7  8  1  0
  8  9  1  0
  9 10  1  0
 10 11  1  0
 10 14  1  0
 11 12  1  0
 12 13  1  0
 14 15  1  0
M  CHG  2   4  -1  10   1
M  END
POSE 2
EPE
                    3D
 
 15 15  0  0  1  0            999 V2000
   -1.3215   10.4661   -4.4058 O   0  0  0  0  0  0
   -2.5221    9.6391   -4.5514 S   0  0  0  0  0  0
   -3.7646   10.2866   -4.1293 O   0  0  0  0  0  0
   -2.6165    8.9491   -5.8441 O   0  5  0  0  0  0
   -2.2277    8.2036   -3.3329 C   0  0  0  0  0  0
   -2.9600    8.2981   -1.9796 C   0  0  0  0  0  0
   -4.4155    8.4416   -2.0271 N   0  0  0  0  0  0
   -5.0789    7.4379   -2.8659 C   0  0  0  0  0  0
   -6.5797    7.7413   -2.9849 C   0  0  0  0  0  0
   -7.2168    7.7734   -1.5799 N   0  3  0  0  0  0
   -8.7232    8.0798   -1.7346 C   0  0  0  0  0  0
   -9.4683    8.2234   -0.3967 C   0  0  0  0  0  0
   -9.2642    9.4941    0.1673 O   0  0  0  0  0  0
   -6.4562    8.7332   -0.6388 C   0  0  0  0  0  0
   -4.9552    8.3911   -0.6650 C   0  0  0  0  0  0
  1  2  2  0
  2  3  2  0
  2  4  1  0
  2  5  1  0
  5  6  1  0
  6  7  1  0
  7 15  1  0
  7  8  1  0
  8  9  1  0
  9 10  1  0
 10 11  1  0
 10 14  1  0
 11 12  1  0
 12 13  1  0
 14 15  1  0
M  CHG  2   4  -1  10   1
M  END
POSE 3
EPE
                    3D
 
 15 15  0  0  1  0            999 V2000
   -1.9681   12.5907   -4.6041 O   0  0  0  0  0  0
   -1.2742   11.5083   -5.3036 S   0  0  0  0  0  0
   -2.1483   10.4960   -5.9068 O   0  0  0  0  0  0
   -0.1945   11.9604   -6.1853 O   0  5  0  0  0  0
   -0.3634   10.5795   -3.9291 C   0  0  0  0  0  0
   -1.2626    9.9239   -2.8537 C   0  0  0  0  0  0
   -2.3919    9.1128   -3.3259 N   0  0  0  0  0  0
   -2.5495    7.9320   -2.4699 C   0  0  0  0  0  0
   -3.7012    7.0180   -2.9225 C   0  0  0  0  0  0
   -5.0129    7.8290   -2.9937 N   0  3  0  0  0  0
   -6.2217    6.9680   -3.4409 C   0  0  0  0  0  0
   -6.3925    6.8177   -4.9692 C   0  0  0  0  0  0
   -5.2861    6.2183   -5.6100 O   0  0  0  0  0  0
   -4.8383    9.1260   -3.8101 C   0  0  0  0  0  0
   -3.6335    9.8941   -3.2516 C   0  0  0  0  0  0
  1  2  2  0
  2  3  2  0
  2  4  1  0
  2  5  1  0
  5  6  1  0
  6  7  1  0
  7 15  1  0
  7  8  1  0
  8  9  1  0
  9 10  1  0
 10 11  1  0
 10 14  1  0
 11 12  1  0
 12 13  1  0
 14 15  1  0
M  CHG  2   4  -1  10   1
M  END
POSE 4
EPE
                    3D
 
 15 15  0  0  1  0            999 V2000
   -9.0207    7.6131   -9.2411 O   0  0  0  0  0  0
   -9.3278    6.9097   -7.9939 S   0  0  0  0  0  0
   -9.4943    5.4659   -8.1427 O   0  0  0  0  0  0
  -10.3555    7.5604   -7.1831 O   0  5  0  0  0  0
   -7.7757    7.0798   -6.9500 C   0  0  0  0  0  0
   -7.9121    6.2924   -5.6412 C   0  0  0  0  0  0
   -6.9219    6.7228   -4.5406 N   0  3  0  0  0  0
   -5.4625    6.3890   -4.9084 C   0  0  0  0  0  0
   -4.5171    6.8791   -3.7964 C   0  0  0  0  0  0
   -4.7240    8.2945   -3.4784 N   0  0  0  0  0  0
   -3.7919    8.7419   -2.4428 C   0  0  0  0  0  0
   -2.3209    8.8484   -2.8805 C   0  0  0  0  0  0
   -2.1667    9.6313   -4.0514 O   0  0  0  0  0  0
   -6.0915    8.5171   -2.9930 C   0  0  0  0  0  0
   -7.1323    8.1781   -4.0693 C   0  0  0  0  0  0
  1  2  2  0
  2  3  2  0
  2  4  1  0
  2  5  1  0
  5  6  1  0
  6  7  1  0
  7 15  1  0
  7  8  1  0
  8  9  1  0
  9 10  1  0
 10 11  1  0
 10 14  1  0
 11 12  1  0
 12 13  1  0
 14 15  1  0
M  CHG  2   4  -1   7   1
M  END
POSE 5
EPE
                    3D
 
 15 15  0  0  1  0            999 V2000
   -4.5663   -6.8559   -3.0288 O   0  0  0  0  0  0
   -3.8150   -7.5347   -4.0905 S   0  0  0  0  0  0
   -3.3106   -6.6583   -5.1503 O   0  0  0  0  0  0
   -4.4094   -8.7882   -4.5581 O   0  5  0  0  0  0
   -2.2483   -8.1109   -3.2362 C   0  0  0  0  0  0
   -2.6040   -9.0539   -2.0692 C   0  0  0  0  0  0
   -1.3559   -9.3740   -1.2063 N   0  3  0  0  0  0
   -0.8339   -8.0931   -0.5086 C   0  0  0  0  0  0
    0.2778   -8.4260    0.5062 C   0  0  0  0  0  0
   -0.1659   -9.4103    1.4994 N   0  0  0  0  0  0
    0.8691   -9.6012    2.5257 C   0  0  0  0  0  0
    0.3468  -10.2128    3.8471 C   0  0  0  0  0  0
   -0.6122   -9.3901    4.4881 O   0  0  0  0  0  0
   -0.5637  -10.6660    0.8496 C   0  0  0  0  0  0
   -1.7161  -10.4584   -0.1612 C   0  0  0  0  0  0
  1  2  2  0
  2  3  2  0
  2  4  1  0
  2  5  1  0
  5  6  1  0
  6  7  1  0
  7 15  1  0
  7  8  1  0
  8  9  1  0
  9 10  1  0
 10 11  1  0
 10 14  1  0
 11 12  1  0
 12 13  1  0
 14 15  1  0
M  CHG  2   4  -1   7   1
M  END
LIGAND 005 MPD
POSE 1
MPD
                    3D
 
  8  7  0  0  1  0            999 V2000
  -25.7673  -11.1772    5.2164 C   0  0  0  0  0  0
  -27.2295  -11.4139    4.8662 C   0  0  2  0  0  0
  -27.2070  -12.3848    3.8660 O   0  0  0  0  0  0
  -28.0648  -10.2099    4.3745 C   0  0  0  0  0  0
  -27.5873   -9.3336    3.1768 C   0  0  0  0  0  0
  -27.2403  -10.1108    1.8944 C   0  0  0  0  0  0
  -26.4610   -8.3767    3.5622 C   0  0  0  0  0  0
  -28.6621   -8.4901    2.8269 O   0  0  0  0  0  0
  1  2  1  0
  2  3  1  0
  2  4  1  0
  4  5  1  0
  5  6  1  0
  5  7  1  0
  5  8  1  0
M  END
POSE 2
MPD
                    3D
 
  8  7  0  0  1  0            999 V2000
  -25.7673  -11.1772    5.2164 C   0  0  0  0  0  0
  -27.2295  -11.4139    4.8662 C   0  0  2  0  0  0
  -27.2070  -12.3848    3.8660 O   0  0  0  0  0  0
  -28.0648  -10.2099    4.3745 C   0  0  0  0  0  0
  -27.5873   -9.3336    3.1768 C   0  0  0  0  0  0
  -27.2403  -10.1108    1.8944 C   0  0  0  0  0  0
  -26.4610   -8.3767    3.5622 C   0  0  0  0  0  0
  -28.6621   -8.4901    2.8269 O   0  0  0  0  0  0
  1  2  1  0
  2  3  1  0
  2  4  1  0
  4  5  1  0
  5  6  1  0
  5  7  1  0
  5  8  1  0
M  END
POSE 3
MPD
                    3D
 
  8  7  0  0  1  0            999 V2000
  -27.6632  -10.3937    6.1289 C   0  0  0  0  0  0
  -26.9970  -10.9903    4.8803 C   0  0  2  0  0  0
  -26.0476  -11.9350    5.3313 O   0  0  0  0  0  0
  -26.2208   -9.9920    3.9846 C   0  0  0  0  0  0
  -26.9890   -8.8596    3.2386 C   0  0  0  0  0  0
  -26.1538   -8.3708    2.0355 C   0  0  0  0  0  0
  -27.3591   -7.6577    4.1337 C   0  0  0  0  0  0
  -28.1940   -9.3575    2.6967 O   0  0  0  0  0  0
  1  2  1  0
  2  3  1  0
  2  4  1  0
  4  5  1  0
  5  6  1  0
  5  7  1  0
  5  8  1  0
M  END
POSE 4
MPD
                    3D
 
  8  7  0  0  1  0            999 V2000
  -27.1245   -7.7644    5.2931 C   0  0  0  0  0  0
  -26.9866   -7.9953    3.7786 C   0  0  2  0  0  0
  -28.1460   -7.4952    3.1328 O   0  0  0  0  0  0
  -26.6180   -9.4402    3.3355 C   0  0  0  0  0  0
  -27.6715  -10.5791    3.4219 C   0  0  0  0  0  0
  -28.8645  -10.3795    2.4590 C   0  0  0  0  0  0
  -28.0666  -10.9098    4.8734 C   0  0  0  0  0  0
  -27.0453  -11.7545    2.9568 O   0  0  0  0  0  0
  1  2  1  0
  2  3  1  0
  2  4  1  0
  4  5  1  0
  5  6  1  0
  5  7  1  0
  5  8  1  0
M  END
POSE 5
MPD
                    3D
 
  8  7  0  0  1  0            999 V2000
  -26.3588   -9.6035    2.0080 C   0  0  0  0  0  0
  -26.3665  -10.6015    3.1747 C   0  0  2  0  0  0
  -27.0713  -11.7465    2.7510 O   0  0  0  0  0  0
  -27.0156  -10.0277    4.4588 C   0  0  0  0  0  0
  -27.0477  -10.9391    5.7217 C   0  0  0  0  0  0
  -27.8278  -10.2547    6.8549 C   0  0  0  0  0  0
  -25.6509  -11.3510    6.2192 C   0  0  0  0  0  0
  -27.7508  -12.1251    5.4252 O   0  0  0  0  0  0
  1  2  1  0
  2  3  1  0
  2  4  1  0
  4  5  1  0
  5  6  1  0
  5  7  1  0
  5  8  1  0
M  END
END
