PFRMAT LG
TARGET T1146
MODEL 1
LIGAND 001 NAG
POSE 1
NAG
                    3D
 
 15 15  0  0  1  0            999 V2000
    5.6949    2.8994   -2.0277 C   0  0  2  0  0  0
    6.5483    3.7564   -2.9943 C   0  0  1  0  0  0
    6.6006    3.0430   -4.3706 C   0  0  2  0  0  0
    7.0459    1.5766   -4.2488 C   0  0  1  0  0  0
    6.2381    0.8628   -3.1437 C   0  0  1  0  0  0
    6.7497   -0.5597   -2.8563 C   0  0  0  0  0  0
    6.9640    6.2293   -3.2106 C   0  0  0  0  0  0
    6.2976    7.5885   -3.3844 C   0  0  0  0  0  0
    6.1449    5.1716   -3.0832 N   0  0  0  0  0  0
    5.6956    3.5026   -0.7953 O   0  0  0  0  0  0
    7.4118    3.7339   -5.3064 O   0  0  0  0  0  0
    6.9147    0.8985   -5.4881 O   0  0  0  0  0  0
    6.2573    1.6168   -1.9224 O   0  0  0  0  0  0
    8.0937   -0.5706   -2.4193 O   0  0  0  0  0  0
    8.1911    6.1475   -3.2224 O   0  0  0  0  0  0
  1  2  1  0  0  0
  1 10  1  0  0  0
  1 13  1  0  0  0
  2  3  1  0  0  0
  2  9  1  0  0  0
  3  4  1  0  0  0
  3 11  1  0  0  0
  4  5  1  0  0  0
  4 12  1  0  0  0
  5  6  1  0  0  0
  5 13  1  0  0  0
  6 14  1  0  0  0
  7  8  1  0  0  0
  7  9  1  0  0  0
  7 15  2  0  0  0
M  END
POSE 2
NAG
                    3D
 
 15 15  0  0  1  0            999 V2000
    5.6949    2.8994   -2.0277 C   0  0  2  0  0  0
    6.5483    3.7564   -2.9943 C   0  0  1  0  0  0
    6.6006    3.0430   -4.3706 C   0  0  2  0  0  0
    7.0459    1.5766   -4.2488 C   0  0  1  0  0  0
    6.2381    0.8628   -3.1437 C   0  0  1  0  0  0
    6.7497   -0.5597   -2.8563 C   0  0  0  0  0  0
    6.9640    6.2293   -3.2106 C   0  0  0  0  0  0
    6.2976    7.5885   -3.3844 C   0  0  0  0  0  0
    6.1449    5.1716   -3.0832 N   0  0  0  0  0  0
    5.6956    3.5026   -0.7953 O   0  0  0  0  0  0
    7.4118    3.7339   -5.3064 O   0  0  0  0  0  0
    6.9147    0.8985   -5.4881 O   0  0  0  0  0  0
    6.2573    1.6168   -1.9224 O   0  0  0  0  0  0
    8.0937   -0.5706   -2.4193 O   0  0  0  0  0  0
    8.1911    6.1475   -3.2224 O   0  0  0  0  0  0
  1  2  1  0  0  0
  1 10  1  0  0  0
  1 13  1  0  0  0
  2  3  1  0  0  0
  2  9  1  0  0  0
  3  4  1  0  0  0
  3 11  1  0  0  0
  4  5  1  0  0  0
  4 12  1  0  0  0
  5  6  1  0  0  0
  5 13  1  0  0  0
  6 14  1  0  0  0
  7  8  1  0  0  0
  7  9  1  0  0  0
  7 15  2  0  0  0
M  END
POSE 3
NAG
                    3D
 
 15 15  0  0  1  0            999 V2000
    5.6949    2.8994   -2.0277 C   0  0  2  0  0  0
    6.5483    3.7564   -2.9943 C   0  0  1  0  0  0
    6.6006    3.0430   -4.3706 C   0  0  2  0  0  0
    7.0459    1.5766   -4.2488 C   0  0  1  0  0  0
    6.2381    0.8628   -3.1437 C   0  0  1  0  0  0
    6.7497   -0.5597   -2.8563 C   0  0  0  0  0  0
    6.9640    6.2293   -3.2106 C   0  0  0  0  0  0
    6.2976    7.5885   -3.3844 C   0  0  0  0  0  0
    6.1449    5.1716   -3.0832 N   0  0  0  0  0  0
    5.6956    3.5026   -0.7953 O   0  0  0  0  0  0
    7.4118    3.7339   -5.3064 O   0  0  0  0  0  0
    6.9147    0.8985   -5.4881 O   0  0  0  0  0  0
    6.2573    1.6168   -1.9224 O   0  0  0  0  0  0
    8.0937   -0.5706   -2.4193 O   0  0  0  0  0  0
    8.1911    6.1475   -3.2224 O   0  0  0  0  0  0
  1  2  1  0  0  0
  1 10  1  0  0  0
  1 13  1  0  0  0
  2  3  1  0  0  0
  2  9  1  0  0  0
  3  4  1  0  0  0
  3 11  1  0  0  0
  4  5  1  0  0  0
  4 12  1  0  0  0
  5  6  1  0  0  0
  5 13  1  0  0  0
  6 14  1  0  0  0
  7  8  1  0  0  0
  7  9  1  0  0  0
  7 15  2  0  0  0
M  END
POSE 4
NAG
                    3D
 
 15 15  0  0  1  0            999 V2000
    5.6949    2.8994   -2.0277 C   0  0  2  0  0  0
    6.5483    3.7564   -2.9943 C   0  0  1  0  0  0
    6.6006    3.0430   -4.3706 C   0  0  2  0  0  0
    7.0459    1.5766   -4.2488 C   0  0  1  0  0  0
    6.2381    0.8628   -3.1437 C   0  0  1  0  0  0
    6.7497   -0.5597   -2.8563 C   0  0  0  0  0  0
    6.9640    6.2293   -3.2106 C   0  0  0  0  0  0
    6.2976    7.5885   -3.3844 C   0  0  0  0  0  0
    6.1449    5.1716   -3.0832 N   0  0  0  0  0  0
    5.6956    3.5026   -0.7953 O   0  0  0  0  0  0
    7.4118    3.7339   -5.3064 O   0  0  0  0  0  0
    6.9147    0.8985   -5.4881 O   0  0  0  0  0  0
    6.2573    1.6168   -1.9224 O   0  0  0  0  0  0
    8.0937   -0.5706   -2.4193 O   0  0  0  0  0  0
    8.1911    6.1475   -3.2224 O   0  0  0  0  0  0
  1  2  1  0  0  0
  1 10  1  0  0  0
  1 13  1  0  0  0
  2  3  1  0  0  0
  2  9  1  0  0  0
  3  4  1  0  0  0
  3 11  1  0  0  0
  4  5  1  0  0  0
  4 12  1  0  0  0
  5  6  1  0  0  0
  5 13  1  0  0  0
  6 14  1  0  0  0
  7  8  1  0  0  0
  7  9  1  0  0  0
  7 15  2  0  0  0
M  END
POSE 5
NAG
                    3D
 
 15 15  0  0  1  0            999 V2000
    5.6949    2.8994   -2.0277 C   0  0  2  0  0  0
    6.5483    3.7564   -2.9943 C   0  0  1  0  0  0
    6.6006    3.0430   -4.3706 C   0  0  2  0  0  0
    7.0459    1.5766   -4.2488 C   0  0  1  0  0  0
    6.2381    0.8628   -3.1437 C   0  0  1  0  0  0
    6.7497   -0.5597   -2.8563 C   0  0  0  0  0  0
    6.9640    6.2293   -3.2106 C   0  0  0  0  0  0
    6.2976    7.5885   -3.3844 C   0  0  0  0  0  0
    6.1449    5.1716   -3.0832 N   0  0  0  0  0  0
    5.6956    3.5026   -0.7953 O   0  0  0  0  0  0
    7.4118    3.7339   -5.3064 O   0  0  0  0  0  0
    6.9147    0.8985   -5.4881 O   0  0  0  0  0  0
    6.2573    1.6168   -1.9224 O   0  0  0  0  0  0
    8.0937   -0.5706   -2.4193 O   0  0  0  0  0  0
    8.1911    6.1475   -3.2224 O   0  0  0  0  0  0
  1  2  1  0  0  0
  1 10  1  0  0  0
  1 13  1  0  0  0
  2  3  1  0  0  0
  2  9  1  0  0  0
  3  4  1  0  0  0
  3 11  1  0  0  0
  4  5  1  0  0  0
  4 12  1  0  0  0
  5  6  1  0  0  0
  5 13  1  0  0  0
  6 14  1  0  0  0
  7  8  1  0  0  0
  7  9  1  0  0  0
  7 15  2  0  0  0
M  END
LIGAND 002 NAG
POSE 1
NAG
     RDKit          3D

 15 15  0  0  1  0  0  0  0  0999 V2000
    8.5780    2.7271    3.9853 C   0  0  2  0  0  0  0  0  0  0  0  0
    8.4590    4.2284    3.6234 C   0  0  1  0  0  0  0  0  0  0  0  0
    7.9893    4.4027    2.1532 C   0  0  2  0  0  0  0  0  0  0  0  0
    8.8248    3.5143    1.2045 C   0  0  1  0  0  0  0  0  0  0  0  0
    8.8601    2.0545    1.7079 C   0  0  2  0  0  0  0  0  0  0  0  0
    7.5336    1.2504    1.6026 C   0  0  0  0  0  0  0  0  0  0  0  0
    8.2118    5.7624    5.5777 C   0  0  0  0  0  0  0  0  0  0  0  0
    7.2521    6.2424    6.6465 C   0  0  0  0  0  0  0  0  0  0  0  0
    7.6847    5.0038    4.6055 N   0  0  0  0  0  0  0  0  0  0  0  0
    9.1677    2.6185    5.2176 O   0  0  0  0  0  0  0  0  0  0  0  0
    8.0183    5.7624    1.7473 O   0  0  0  0  0  0  0  0  0  0  0  0
    8.4525    3.6152   -0.1578 O   0  0  0  0  0  0  0  0  0  0  0  0
    9.3795    2.0631    3.0428 O   0  0  0  0  0  0  0  0  0  0  0  0
    7.4644    0.5038    0.4123 O   0  0  0  0  0  0  0  0  0  0  0  0
    9.4039    6.0466    5.6703 O   0  0  0  0  0  0  0  0  0  0  0  0
  1  2  1  0
  1 10  1  1
  1 13  1  0
  2  3  1  0
  2  9  1  1
  3  4  1  0
  3 11  1  6
  4  5  1  0
  4 12  1  6
  5  6  1  1
  5 13  1  0
  6 14  1  0
  7  8  1  0
  7  9  1  0
  7 15  2  0
M  END
POSE 2
NAG
     RDKit          3D

 15 15  0  0  1  0  0  0  0  0999 V2000
    6.9949    4.4775    2.1742 C   0  0  1  0  0  0  0  0  0  0  0  0
    8.2028    4.3234    1.2126 C   0  0  2  0  0  0  0  0  0  0  0  0
    8.0676    5.3093    0.0143 C   0  0  1  0  0  0  0  0  0  0  0  0
    7.5946    6.7278    0.4085 C   0  0  1  0  0  0  0  0  0  0  0  0
    6.4056    6.6708    1.3957 C   0  0  1  0  0  0  0  0  0  0  0  0
    5.0181    6.2870    0.8065 C   0  0  0  0  0  0  0  0  0  0  0  0
    9.3184    2.0535    1.3015 C   0  0  0  0  0  0  0  0  0  0  0  0
    9.3586    0.6775    0.6449 C   0  0  0  0  0  0  0  0  0  0  0  0
    8.4524    2.9346    0.7767 N   0  0  0  0  0  0  0  0  0  0  0  0
    7.2528    3.7872    3.3294 O   0  0  0  0  0  0  0  0  0  0  0  0
    9.2414    5.3481   -0.7877 O   0  0  0  0  0  0  0  0  0  0  0  0
    8.6569    7.4920    0.9576 O   0  0  0  0  0  0  0  0  0  0  0  0
    6.7871    5.8299    2.4904 O   0  0  0  0  0  0  0  0  0  0  0  0
    4.4527    7.3033    0.0119 O   0  0  0  0  0  0  0  0  0  0  0  0
   10.0532    2.2909    2.2590 O   0  0  0  0  0  0  0  0  0  0  0  0
  1  2  1  0
  1 10  1  1
  1 13  1  0
  2  3  1  0
  2  9  1  6
  3  4  1  0
  3 11  1  1
  4  5  1  0
  4 12  1  1
  5  6  1  6
  5 13  1  0
  6 14  1  0
  7  8  1  0
  7  9  1  0
  7 15  2  0
M  END
POSE 3
NAG
     RDKit          3D

 15 15  0  0  1  0  0  0  0  0999 V2000
    8.5637    1.3313    2.0613 C   0  0  1  0  0  0  0  0  0  0  0  0
    8.2592    2.2643    0.8611 C   0  0  1  0  0  0  0  0  0  0  0  0
    8.3981    3.7595    1.2834 C   0  0  2  0  0  0  0  0  0  0  0  0
    7.5986    4.0493    2.5753 C   0  0  2  0  0  0  0  0  0  0  0  0
    8.0338    3.0410    3.6668 C   0  0  1  0  0  0  0  0  0  0  0  0
    7.4368    3.2476    5.0828 C   0  0  0  0  0  0  0  0  0  0  0  0
   10.1613    1.9565   -0.7649 C   0  0  0  0  0  0  0  0  0  0  0  0
   10.5323    1.5411   -2.1823 C   0  0  0  0  0  0  0  0  0  0  0  0
    8.8637    1.8814   -0.4270 N   0  0  0  0  0  0  0  0  0  0  0  0
    9.9207    1.3037    2.3094 O   0  0  0  0  0  0  0  0  0  0  0  0
    8.0527    4.6634    0.2461 O   0  0  0  0  0  0  0  0  0  0  0  0
    6.2024    4.0152    2.3237 O   0  0  0  0  0  0  0  0  0  0  0  0
    7.8102    1.7036    3.1939 O   0  0  0  0  0  0  0  0  0  0  0  0
    6.0693    2.9034    5.2123 O   0  0  0  0  0  0  0  0  0  0  0  0
   11.0420    2.3230    0.0112 O   0  0  0  0  0  0  0  0  0  0  0  0
  1  2  1  0
  1 10  1  1
  1 13  1  0
  2  3  1  0
  2  9  1  6
  3  4  1  0
  3 11  1  6
  4  5  1  0
  4 12  1  6
  5  6  1  1
  5 13  1  0
  6 14  1  0
  7  8  1  0
  7  9  1  0
  7 15  2  0
M  END
POSE 4
NAG
     RDKit          3D

 15 15  0  0  1  0  0  0  0  0999 V2000
    9.6578    4.7657    1.4131 C   0  0  2  0  0  0  0  0  0  0  0  0
    8.6445    5.7428    2.0687 C   0  0  2  0  0  0  0  0  0  0  0  0
    7.1860    5.3175    1.7395 C   0  0  2  0  0  0  0  0  0  0  0  0
    6.9499    3.8075    1.9876 C   0  0  1  0  0  0  0  0  0  0  0  0
    8.0464    2.9806    1.2622 C   0  0  2  0  0  0  0  0  0  0  0  0
    7.9471    1.4478    1.4399 C   0  0  0  0  0  0  0  0  0  0  0  0
    9.6524    8.0103    2.5072 C   0  0  0  0  0  0  0  0  0  0  0  0
    9.8162    9.4184    1.9457 C   0  0  0  0  0  0  0  0  0  0  0  0
    8.9116    7.1632    1.7767 N   0  0  0  0  0  0  0  0  0  0  0  0
    9.7188    5.0115    0.0591 O   0  0  0  0  0  0  0  0  0  0  0  0
    6.8525    5.7035    0.4122 O   0  0  0  0  0  0  0  0  0  0  0  0
    6.8564    3.5160    3.3737 O   0  0  0  0  0  0  0  0  0  0  0  0
    9.3408    3.4221    1.7030 O   0  0  0  0  0  0  0  0  0  0  0  0
    6.7955    0.9085    0.8123 O   0  0  0  0  0  0  0  0  0  0  0  0
   10.1812    7.7080    3.5746 O   0  0  0  0  0  0  0  0  0  0  0  0
  1  2  1  0
  1 10  1  6
  1 13  1  0
  2  3  1  0
  2  9  1  6
  3  4  1  0
  3 11  1  6
  4  5  1  0
  4 12  1  1
  5  6  1  1
  5 13  1  0
  6 14  1  0
  7  8  1  0
  7  9  1  0
  7 15  2  0
M  END
POSE 5
NAG
     RDKit          3D

 15 15  0  0  1  0  0  0  0  0999 V2000
    8.1811    2.5234    1.1115 C   0  0  1  0  0  0  0  0  0  0  0  0
    9.1940    2.2766    2.2589 C   0  0  2  0  0  0  0  0  0  0  0  0
    8.9818    3.2810    3.4209 C   0  0  2  0  0  0  0  0  0  0  0  0
    7.4966    3.3462    3.8250 C   0  0  2  0  0  0  0  0  0  0  0  0
    6.6038    3.5884    2.5858 C   0  0  1  0  0  0  0  0  0  0  0  0
    6.6114    5.0500    2.0461 C   0  0  0  0  0  0  0  0  0  0  0  0
   11.4982    1.3034    2.3107 C   0  0  0  0  0  0  0  0  0  0  0  0
   12.8939    1.3593    1.7022 C   0  0  0  0  0  0  0  0  0  0  0  0
   10.5930    2.1592    1.8166 N   0  0  0  0  0  0  0  0  0  0  0  0
    8.2891    1.4722    0.2351 O   0  0  0  0  0  0  0  0  0  0  0  0
    9.5199    4.5642    3.1379 O   0  0  0  0  0  0  0  0  0  0  0  0
    7.2525    4.2579    4.8846 O   0  0  0  0  0  0  0  0  0  0  0  0
    6.8692    2.5683    1.6123 O   0  0  0  0  0  0  0  0  0  0  0  0
    5.5035    5.3034    1.2123 O   0  0  0  0  0  0  0  0  0  0  0  0
   11.2525    0.5034    3.2123 O   0  0  0  0  0  0  0  0  0  0  0  0
  1  2  1  0
  1 10  1  6
  1 13  1  0
  2  3  1  0
  2  9  1  6
  3  4  1  0
  3 11  1  6
  4  5  1  0
  4 12  1  1
  5  6  1  6
  5 13  1  0
  6 14  1  0
  7  8  1  0
  7  9  1  0
  7 15  2  0
M  END
END
