PFRMAT LG
TARGET T1158v4
MODEL 1
LIGAND 001 ATP
POSE 1
ATP
                    3D
 
 31 33  0  0  1  0            999 V2000
  -11.3124    6.2391   32.8121 P   0  0  0  0  0  0
  -11.1411    4.8919   32.1534 O   0  0  0  0  0  0
  -11.7034    7.3469   31.8700 O   0  5  0  0  0  0
  -12.1157    6.2083   34.0908 O   0  5  0  0  0  0
   -8.7239    5.5334   33.6432 P   0  0  0  0  0  0
   -8.8405    4.3824   32.6730 O   0  0  0  0  0  0
   -8.8103    5.2867   35.1289 O   0  5  0  0  0  0
   -9.8216    6.6461   33.2578 O   0  0  0  0  0  0
   -6.0975    5.6177   32.6536 P   0  0  0  0  0  0
   -5.7993    4.3145   33.3500 O   0  0  0  0  0  0
   -6.4078    5.6008   31.1775 O   0  5  0  0  0  0
   -7.3477    6.3194   33.3797 O   0  0  0  0  0  0
   -4.8609    6.6246   32.9008 O   0  0  0  0  0  0
   -4.9083    7.7836   33.7371 C   0  0  0  0  0  0
   -3.8677    8.8140   33.3005 C   0  0  1  0  0  0
   -2.7886    8.2007   32.5854 O   0  0  0  0  0  0
   -4.4492    9.8909   32.3933 C   0  0  1  0  0  0
   -4.7011   11.0909   33.1334 O   0  0  0  0  0  0
   -3.4271   10.1002   31.2915 C   0  0  1  0  0  0
   -2.7863   11.3770   31.3866 O   0  0  0  0  0  0
   -2.4079    8.9808   31.4486 C   0  0  2  0  0  0
   -2.3770    8.1380   30.2254 N   0  0  0  0  0  0
   -3.2836    7.2020   29.8744 C   0  0  0  0  0  0
   -2.9502    6.6202   28.6931 N   0  0  0  0  0  0
   -1.8112    7.1879   28.2677 C   0  0  0  0  0  0
   -0.9139    7.0427   27.0938 C   0  0  0  0  0  0
   -1.1872    6.1454   26.1187 N   0  0  0  0  0  0
    0.1834    7.8355   27.0326 N   0  0  0  0  0  0
    0.4733    8.7389   27.9985 C   0  0  0  0  0  0
   -0.3052    8.9188   29.0900 N   0  0  0  0  0  0
   -1.4365    8.1898   29.2800 C   0  0  0  0  0  0
  1  2  2  0
  1  3  1  0
  1  4  1  0
  1  8  1  0
  5  6  2  0
  5  7  1  0
  5  8  1  0
  5 12  1  0
  9 10  2  0
  9 11  1  0
  9 12  1  0
  9 13  1  0
 13 14  1  0
 14 15  1  0
 15 16  1  0
 15 17  1  0
 16 21  1  0
 17 18  1  0
 17 19  1  0
 19 20  1  0
 19 21  1  0
 21 22  1  0
 22 23  1  0
 22 31  1  0
 23 24  2  0
 24 25  1  0
 25 26  1  0
 25 31  2  0
 26 27  1  0
 26 28  2  0
 28 29  1  0
 29 30  2  0
 30 31  1  0
M  CHG  4   3  -1   4  -1   7  -1  11  -1
M  END
POSE 2
ATP
                    3D
 
 31 33  0  0  1  0            999 V2000
  -11.0431    5.7791   32.9678 P   0  0  0  0  0  0
  -11.5459    5.5464   34.3698 O   0  0  0  0  0  0
  -11.5511    7.0431   32.3467 O   0  5  0  0  0  0
  -11.1727    4.5673   32.0793 O   0  5  0  0  0  0
   -8.4466    4.9014   33.6948 P   0  0  0  0  0  0
   -8.7162    4.7233   35.1487 O   0  0  0  0  0  0
   -8.4714    3.7075   32.7894 O   0  5  0  0  0  0
   -9.4597    5.9840   33.1143 O   0  0  0  0  0  0
   -5.9019    5.1259   32.5250 P   0  0  0  0  0  0
   -5.3851    3.8380   33.0706 O   0  0  0  0  0  0
   -6.4670    5.1494   31.1467 O   0  5  0  0  0  0
   -7.0401    5.6447   33.5169 O   0  0  0  0  0  0
   -4.7521    6.2383   32.5888 O   0  0  0  0  0  0
   -4.2895    6.9012   33.7833 C   0  0  0  0  0  0
   -3.5696    8.1607   33.3643 C   0  0  1  0  0  0
   -2.5222    7.8152   32.4183 O   0  0  0  0  0  0
   -4.4567    9.2047   32.6705 C   0  0  1  0  0  0
   -4.4218   10.4317   33.3895 O   0  0  0  0  0  0
   -3.9142    9.3359   31.2401 C   0  0  1  0  0  0
   -3.7882   10.6893   30.8493 O   0  0  0  0  0  0
   -2.5520    8.6496   31.2832 C   0  0  2  0  0  0
   -2.3120    7.8044   30.1039 N   0  0  0  0  0  0
   -3.0271    6.6897   29.7115 C   0  0  0  0  0  0
   -2.5512    6.1633   28.5943 N   0  0  0  0  0  0
   -1.4691    6.9690   28.2085 C   0  0  0  0  0  0
   -0.5523    6.9255   27.0972 C   0  0  0  0  0  0
   -0.5792    5.9928   26.1205 N   0  0  0  0  0  0
    0.4032    7.9044   27.0428 N   0  0  0  0  0  0
    0.4429    8.8454   28.0137 C   0  0  0  0  0  0
   -0.3697    8.9566   29.0799 N   0  0  0  0  0  0
   -1.3260    7.9954   29.1435 C   0  0  0  0  0  0
  1  2  2  0
  1  3  1  0
  1  4  1  0
  1  8  1  0
  5  6  2  0
  5  7  1  0
  5  8  1  0
  5 12  1  0
  9 10  2  0
  9 11  1  0
  9 12  1  0
  9 13  1  0
 13 14  1  0
 14 15  1  0
 15 16  1  0
 15 17  1  0
 16 21  1  0
 17 18  1  0
 17 19  1  0
 19 20  1  0
 19 21  1  0
 21 22  1  0
 22 23  1  0
 22 31  1  0
 23 24  2  0
 24 25  1  0
 25 26  1  0
 25 31  2  0
 26 27  1  0
 26 28  2  0
 28 29  1  0
 29 30  2  0
 30 31  1  0
M  CHG  4   3  -1   4  -1   7  -1  11  -1
M  END
POSE 3
ATP
                    3D
 
 31 33  0  0  1  0            999 V2000
  -11.0356    6.7030   31.6454 P   0  0  0  0  0  0
  -11.6544    7.4241   32.8191 O   0  0  0  0  0  0
  -11.1736    7.4165   30.3182 O   0  5  0  0  0  0
  -11.3448    5.2232   31.5993 O   0  5  0  0  0  0
   -8.8009    5.8117   33.0245 P   0  0  0  0  0  0
   -9.6209    5.8669   34.2867 O   0  0  0  0  0  0
   -8.5409    4.4913   32.3468 O   0  5  0  0  0  0
   -9.4583    6.7871   31.9358 O   0  0  0  0  0  0
   -6.1672    6.3178   32.3204 P   0  0  0  0  0  0
   -6.6682    6.5628   30.9166 O   0  0  0  0  0  0
   -5.5042    5.0058   32.6716 O   0  5  0  0  0  0
   -7.3984    6.5248   33.3285 O   0  0  0  0  0  0
   -5.2068    7.5334   32.7532 O   0  0  0  0  0  0
   -3.7977    7.4807   32.5415 C   0  0  0  0  0  0
   -3.3012    8.7052   31.7814 C   0  0  1  0  0  0
   -2.0887    8.3610   31.1122 O   0  0  0  0  0  0
   -4.2631    9.2380   30.7254 C   0  0  1  0  0  0
   -4.8428   10.4723   31.1583 O   0  0  0  0  0  0
   -3.4409    9.3886   29.4612 C   0  0  1  0  0  0
   -3.0621   10.7474   29.2180 O   0  0  0  0  0  0
   -2.2052    8.5368   29.7009 C   0  0  2  0  0  0
   -2.3271    7.2132   29.0339 N   0  0  0  0  0  0
   -3.3361    6.3292   29.1788 C   0  0  0  0  0  0
   -3.1238    5.2212   28.4211 N   0  0  0  0  0  0
   -1.9577    5.3845   27.7728 C   0  0  0  0  0  0
   -1.1417    4.6016   26.8088 C   0  0  0  0  0  0
   -1.5400    3.3812   26.3810 N   0  0  0  0  0  0
    0.0265    5.1425   26.3805 N   0  0  0  0  0  0
    0.4496    6.3579   26.7925 C   0  0  0  0  0  0
   -0.2467    7.1154   27.6678 N   0  0  0  0  0  0
   -1.4350    6.6992   28.1825 C   0  0  0  0  0  0
  1  2  2  0
  1  3  1  0
  1  4  1  0
  1  8  1  0
  5  6  2  0
  5  7  1  0
  5  8  1  0
  5 12  1  0
  9 10  2  0
  9 11  1  0
  9 12  1  0
  9 13  1  0
 13 14  1  0
 14 15  1  0
 15 16  1  0
 15 17  1  0
 16 21  1  0
 17 18  1  0
 17 19  1  0
 19 20  1  0
 19 21  1  0
 21 22  1  0
 22 23  1  0
 22 31  1  0
 23 24  2  0
 24 25  1  0
 25 26  1  0
 25 31  2  0
 26 27  1  0
 26 28  2  0
 28 29  1  0
 29 30  2  0
 30 31  1  0
M  CHG  4   3  -1   4  -1   7  -1  11  -1
M  END
POSE 4
ATP
                    3D
 
 31 33  0  0  1  0            999 V2000
  -11.0442    6.3392   32.6292 P   0  0  0  0  0  0
  -11.0115    4.9894   31.9494 O   0  0  0  0  0  0
  -11.2920    7.4739   31.6636 O   0  5  0  0  0  0
  -11.9782    6.3667   33.8138 O   0  5  0  0  0  0
   -8.4065    5.5889   33.6735 P   0  0  0  0  0  0
   -8.4075    4.4197   32.7490 O   0  0  0  0  0  0
   -8.5181    5.3762   35.1577 O   0  5  0  0  0  0
   -9.5671    6.5948   33.2249 O   0  0  0  0  0  0
   -5.7648    6.0491   32.5600 P   0  0  0  0  0  0
   -5.3456    4.6860   32.9983 O   0  0  0  0  0  0
   -6.0708    6.2281   31.1043 O   0  5  0  0  0  0
   -7.0920    6.4499   33.3686 O   0  0  0  0  0  0
   -4.6136    7.0649   33.0042 O   0  0  0  0  0  0
   -4.8635    8.3912   33.4542 C   0  0  0  0  0  0
   -3.8932    9.3838   32.8182 C   0  0  1  0  0  0
   -2.7281    8.7491   32.2846 O   0  0  0  0  0  0
   -4.5671   10.0902   31.6599 C   0  0  1  0  0  0
   -4.9880   11.3935   32.0708 O   0  0  0  0  0  0
   -3.5497   10.1231   30.5345 C   0  0  1  0  0  0
   -3.0744   11.4442   30.2618 O   0  0  0  0  0  0
   -2.3933    9.2635   30.9986 C   0  0  2  0  0  0
   -2.2368    8.1797   30.0043 N   0  0  0  0  0  0
   -3.0402    7.1119   29.8653 C   0  0  0  0  0  0
   -2.6243    6.3183   28.8467 N   0  0  0  0  0  0
   -1.5317    6.8899   28.3126 C   0  0  0  0  0  0
   -0.5973    6.5812   27.2103 C   0  0  0  0  0  0
   -0.7468    5.4724   26.4539 N   0  0  0  0  0  0
    0.4143    7.4408   26.9826 N   0  0  0  0  0  0
    0.5783    8.5464   27.7269 C   0  0  0  0  0  0
   -0.2328    8.8883   28.7398 N   0  0  0  0  0  0
   -1.2858    8.1161   29.0757 C   0  0  0  0  0  0
  1  2  2  0  0  0
  1  3  1  0  0  0
  1  4  1  0  0  0
  1  8  1  0  0  0
  5  6  2  0  0  0
  5  7  1  0  0  0
  5  8  1  0  0  0
  5 12  1  0  0  0
  9 10  2  0  0  0
  9 11  1  0  0  0
  9 12  1  0  0  0
  9 13  1  0  0  0
 13 14  1  0  0  0
 14 15  1  0  0  0
 15 16  1  0  0  0
 15 17  1  0  0  0
 16 21  1  0  0  0
 17 18  1  0  0  0
 17 19  1  0  0  0
 19 20  1  0  0  0
 19 21  1  0  0  0
 21 22  1  0  0  0
 22 23  1  0  0  0
 22 31  1  0  0  0
 23 24  2  0  0  0
 24 25  1  0  0  0
 25 26  1  0  0  0
 25 31  2  0  0  0
 26 27  1  0  0  0
 26 28  2  0  0  0
 28 29  1  0  0  0
 29 30  2  0  0  0
 30 31  1  0  0  0
M  CHG  4   3  -1   4  -1   7  -1  11  -1
M  END
POSE 5
ATP
                    3D
 
 31 33  0  0  1  0            999 V2000
  -11.0442    6.3392   32.6292 P   0  0  0  0  0  0
  -11.0115    4.9894   31.9494 O   0  0  0  0  0  0
  -11.2920    7.4739   31.6636 O   0  5  0  0  0  0
  -11.9782    6.3667   33.8138 O   0  5  0  0  0  0
   -8.4065    5.5889   33.6735 P   0  0  0  0  0  0
   -8.4075    4.4197   32.7490 O   0  0  0  0  0  0
   -8.5181    5.3762   35.1577 O   0  5  0  0  0  0
   -9.5671    6.5948   33.2249 O   0  0  0  0  0  0
   -5.7648    6.0491   32.5600 P   0  0  0  0  0  0
   -5.3456    4.6860   32.9983 O   0  0  0  0  0  0
   -6.0708    6.2281   31.1043 O   0  5  0  0  0  0
   -7.0920    6.4499   33.3686 O   0  0  0  0  0  0
   -4.6136    7.0649   33.0042 O   0  0  0  0  0  0
   -4.8635    8.3912   33.4542 C   0  0  0  0  0  0
   -3.8932    9.3838   32.8182 C   0  0  1  0  0  0
   -2.7281    8.7491   32.2846 O   0  0  0  0  0  0
   -4.5671   10.0902   31.6599 C   0  0  1  0  0  0
   -4.9880   11.3935   32.0708 O   0  0  0  0  0  0
   -3.5497   10.1231   30.5345 C   0  0  1  0  0  0
   -3.0744   11.4442   30.2618 O   0  0  0  0  0  0
   -2.3933    9.2635   30.9986 C   0  0  2  0  0  0
   -2.2368    8.1797   30.0043 N   0  0  0  0  0  0
   -3.0402    7.1119   29.8653 C   0  0  0  0  0  0
   -2.6243    6.3183   28.8467 N   0  0  0  0  0  0
   -1.5317    6.8899   28.3126 C   0  0  0  0  0  0
   -0.5973    6.5812   27.2103 C   0  0  0  0  0  0
   -0.7468    5.4724   26.4539 N   0  0  0  0  0  0
    0.4143    7.4408   26.9826 N   0  0  0  0  0  0
    0.5783    8.5464   27.7269 C   0  0  0  0  0  0
   -0.2328    8.8883   28.7398 N   0  0  0  0  0  0
   -1.2858    8.1161   29.0757 C   0  0  0  0  0  0
  1  2  2  0  0  0
  1  3  1  0  0  0
  1  4  1  0  0  0
  1  8  1  0  0  0
  5  6  2  0  0  0
  5  7  1  0  0  0
  5  8  1  0  0  0
  5 12  1  0  0  0
  9 10  2  0  0  0
  9 11  1  0  0  0
  9 12  1  0  0  0
  9 13  1  0  0  0
 13 14  1  0  0  0
 14 15  1  0  0  0
 15 16  1  0  0  0
 15 17  1  0  0  0
 16 21  1  0  0  0
 17 18  1  0  0  0
 17 19  1  0  0  0
 19 20  1  0  0  0
 19 21  1  0  0  0
 21 22  1  0  0  0
 22 23  1  0  0  0
 22 31  1  0  0  0
 23 24  2  0  0  0
 24 25  1  0  0  0
 25 26  1  0  0  0
 25 31  2  0  0  0
 26 27  1  0  0  0
 26 28  2  0  0  0
 28 29  1  0  0  0
 29 30  2  0  0  0
 30 31  1  0  0  0
M  CHG  4   3  -1   4  -1   7  -1  11  -1
M  END
LIGAND 002 ATP
POSE 1
ATP
                    3D
 
 31 33  0  0  1  0            999 V2000
  -26.3146    0.0451   21.3699 P   0  0  0  0  0  0
  -25.6875   -1.3163   21.5415 O   0  0  0  0  0  0
  -25.4567    1.0228   20.6015 O   0  5  0  0  0  0
  -26.9179    0.6103   22.6306 O   0  5  0  0  0  0
  -28.1063    0.8768   19.3705 P   0  0  0  0  0  0
  -29.3969    1.4340   19.9170 O   0  0  0  0  0  0
  -26.9649    1.8083   19.0490 O   0  5  0  0  0  0
  -27.5768   -0.2364   20.4052 O   0  0  0  0  0  0
  -28.0963    0.5642   16.5729 P   0  0  0  0  0  0
  -26.5997    0.4511   16.4147 O   0  0  0  0  0  0
  -28.7465    1.9130   16.3903 O   0  5  0  0  0  0
  -28.4636    0.0243   18.0493 O   0  0  0  0  0  0
  -28.7864   -0.4575   15.5275 O   0  0  0  0  0  0
  -29.5256   -1.6294   15.8805 C   0  0  0  0  0  0
  -29.2352   -2.7640   14.9006 C   0  0  1  0  0  0
  -28.9960   -2.2748   13.5778 O   0  0  0  0  0  0
  -28.0073   -3.5682   15.3035 C   0  0  1  0  0  0
  -28.3891   -4.7678   15.9893 O   0  0  0  0  0  0
  -27.2568   -3.8507   14.0155 C   0  0  1  0  0  0
  -27.3121   -5.2377   13.6501 O   0  0  0  0  0  0
  -27.9210   -2.9844   12.9534 C   0  0  2  0  0  0
  -26.9298   -2.0389   12.3790 N   0  0  0  0  0  0
  -26.4791   -0.9140   12.9661 C   0  0  0  0  0  0
  -25.5733   -0.2841   12.1763 N   0  0  0  0  0  0
  -25.4316   -1.0096   11.0560 C   0  0  0  0  0  0
  -24.6343   -0.9066    9.8117 C   0  0  0  0  0  0
  -23.7890    0.1322    9.6179 N   0  0  0  0  0  0
  -24.7776   -1.8866    8.8844 N   0  0  0  0  0  0
  -25.6180   -2.9302    9.0675 C   0  0  0  0  0  0
  -26.3702   -3.0773   10.1787 N   0  0  0  0  0  0
  -26.3267   -2.1712   11.1924 C   0  0  0  0  0  0
  1  2  2  0
  1  3  1  0
  1  4  1  0
  1  8  1  0
  5  6  2  0
  5  7  1  0
  5  8  1  0
  5 12  1  0
  9 10  2  0
  9 11  1  0
  9 12  1  0
  9 13  1  0
 13 14  1  0
 14 15  1  0
 15 16  1  0
 15 17  1  0
 16 21  1  0
 17 18  1  0
 17 19  1  0
 19 20  1  0
 19 21  1  0
 21 22  1  0
 22 23  1  0
 22 31  1  0
 23 24  2  0
 24 25  1  0
 25 26  1  0
 25 31  2  0
 26 27  1  0
 26 28  2  0
 28 29  1  0
 29 30  2  0
 30 31  1  0
M  CHG  4   3  -1   4  -1   7  -1  11  -1
M  END
POSE 2
ATP
                    3D
 
 31 33  0  0  1  0            999 V2000
  -26.9391    0.5334   21.8082 P   0  0  0  0  0  0
  -28.2320    0.6856   22.5568 O   0  0  0  0  0  0
  -26.0992   -0.6159   22.2803 O   0  5  0  0  0  0
  -26.1733    1.8267   21.6957 O   0  5  0  0  0  0
  -28.0349    1.1920   19.3163 P   0  0  0  0  0  0
  -29.3127    1.7098   19.8767 O   0  0  0  0  0  0
  -26.9515    2.1469   18.9371 O   0  5  0  0  0  0
  -27.4024    0.1426   20.3317 O   0  0  0  0  0  0
  -28.1734    0.8355   16.5462 P   0  0  0  0  0  0
  -28.8652    2.1533   16.4782 O   0  0  0  0  0  0
  -26.7130    0.8008   16.2555 O   0  5  0  0  0  0
  -28.3755    0.2903   18.0388 O   0  0  0  0  0  0
  -28.8901   -0.1883   15.5301 O   0  0  0  0  0  0
  -29.7464   -1.2942   15.8917 C   0  0  0  0  0  0
  -29.3690   -2.5300   15.1113 C   0  0  1  0  0  0
  -29.1417   -2.2081   13.7164 O   0  0  0  0  0  0
  -28.0824   -3.1945   15.6052 C   0  0  1  0  0  0
  -28.3926   -4.1734   16.5906 O   0  0  0  0  0  0
  -27.4635   -3.7889   14.3365 C   0  0  1  0  0  0
  -27.7412   -5.1640   14.1741 O   0  0  0  0  0  0
  -28.0808   -2.9802   13.1993 C   0  0  2  0  0  0
  -27.0753   -2.0860   12.6319 N   0  0  0  0  0  0
  -26.4756   -1.0308   13.2826 C   0  0  0  0  0  0
  -25.5782   -0.4257   12.5160 N   0  0  0  0  0  0
  -25.5722   -1.1090   11.2908 C   0  0  0  0  0  0
  -24.8283   -0.9377   10.0670 C   0  0  0  0  0  0
  -23.9008    0.0212    9.8593 N   0  0  0  0  0  0
  -25.0904   -1.8223    9.0551 N   0  0  0  0  0  0
  -26.0134   -2.7896    9.2472 C   0  0  0  0  0  0
  -26.7525   -3.0150   10.3492 N   0  0  0  0  0  0
  -26.4991   -2.1521   11.3676 C   0  0  0  0  0  0
  1  2  2  0
  1  3  1  0
  1  4  1  0
  1  8  1  0
  5  6  2  0
  5  7  1  0
  5  8  1  0
  5 12  1  0
  9 10  2  0
  9 11  1  0
  9 12  1  0
  9 13  1  0
 13 14  1  0
 14 15  1  0
 15 16  1  0
 15 17  1  0
 16 21  1  0
 17 18  1  0
 17 19  1  0
 19 20  1  0
 19 21  1  0
 21 22  1  0
 22 23  1  0
 22 31  1  0
 23 24  2  0
 24 25  1  0
 25 26  1  0
 25 31  2  0
 26 27  1  0
 26 28  2  0
 28 29  1  0
 29 30  2  0
 30 31  1  0
M  CHG  4   3  -1   4  -1   7  -1  11  -1
M  END
POSE 3
ATP
                    3D
 
 31 33  0  0  1  0            999 V2000
  -27.0540    0.4323   21.8032 P   0  0  0  0  0  0
  -28.2376    0.6774   22.7049 O   0  0  0  0  0  0
  -26.1761    1.6493   21.6191 O   0  5  0  0  0  0
  -26.3148   -0.8535   22.0897 O   0  5  0  0  0  0
  -28.4564    1.3078   19.5397 P   0  0  0  0  0  0
  -29.6544    1.7658   20.3357 O   0  0  0  0  0  0
  -27.4417    2.3258   19.0870 O   0  5  0  0  0  0
  -27.6959    0.1525   20.3535 O   0  0  0  0  0  0
  -28.3527    0.7661   16.8044 P   0  0  0  0  0  0
  -28.8087    2.1302   16.3425 O   0  0  0  0  0  0
  -26.8782    0.4482   16.8882 O   0  5  0  0  0  0
  -28.9887    0.4956   18.2581 O   0  0  0  0  0  0
  -29.0677   -0.3352   15.8743 O   0  0  0  0  0  0
  -29.3355   -1.6461   16.3638 C   0  0  0  0  0  0
  -29.5397   -2.6343   15.2145 C   0  0  1  0  0  0
  -29.2463   -2.0054   13.9646 O   0  0  0  0  0  0
  -28.6705   -3.8829   15.3153 C   0  0  1  0  0  0
  -29.4957   -5.0459   15.4442 O   0  0  0  0  0  0
  -27.8288   -3.9188   14.0521 C   0  0  1  0  0  0
  -27.9692   -5.1464   13.3280 O   0  0  0  0  0  0
  -28.3053   -2.7553   13.1958 C   0  0  2  0  0  0
  -27.1542   -1.9013   12.8115 N   0  0  0  0  0  0
  -26.5389   -1.0052   13.6058 C   0  0  0  0  0  0
  -25.5166   -0.3991   12.9497 N   0  0  0  0  0  0
  -25.4680   -0.9137   11.7164 C   0  0  0  0  0  0
  -24.6314   -0.7072   10.5159 C   0  0  0  0  0  0
  -23.6188    0.1860   10.5313 N   0  0  0  0  0  0
  -24.9076   -1.4546    9.4204 N   0  0  0  0  0  0
  -25.9178   -2.3543    9.3970 C   0  0  0  0  0  0
  -26.7180   -2.5807   10.4605 N   0  0  0  0  0  0
  -26.5482   -1.9076   11.6260 C   0  0  0  0  0  0
  1  2  2  0
  1  3  1  0
  1  4  1  0
  1  8  1  0
  5  6  2  0
  5  7  1  0
  5  8  1  0
  5 12  1  0
  9 10  2  0
  9 11  1  0
  9 12  1  0
  9 13  1  0
 13 14  1  0
 14 15  1  0
 15 16  1  0
 15 17  1  0
 16 21  1  0
 17 18  1  0
 17 19  1  0
 19 20  1  0
 19 21  1  0
 21 22  1  0
 22 23  1  0
 22 31  1  0
 23 24  2  0
 24 25  1  0
 25 26  1  0
 25 31  2  0
 26 27  1  0
 26 28  2  0
 28 29  1  0
 29 30  2  0
 30 31  1  0
M  CHG  4   3  -1   4  -1   7  -1  11  -1
M  END
POSE 4
ATP
                    3D
 
 31 33  0  0  1  0            999 V2000
  -26.3146    0.0451   21.3699 P   0  0  0  0  0  0
  -25.6875   -1.3163   21.5415 O   0  0  0  0  0  0
  -25.4567    1.0228   20.6015 O   0  5  0  0  0  0
  -26.9179    0.6103   22.6306 O   0  5  0  0  0  0
  -28.1063    0.8768   19.3705 P   0  0  0  0  0  0
  -29.3969    1.4340   19.9170 O   0  0  0  0  0  0
  -26.9649    1.8083   19.0490 O   0  5  0  0  0  0
  -27.5768   -0.2364   20.4052 O   0  0  0  0  0  0
  -28.0963    0.5642   16.5729 P   0  0  0  0  0  0
  -26.5997    0.4511   16.4147 O   0  0  0  0  0  0
  -28.7465    1.9130   16.3903 O   0  5  0  0  0  0
  -28.4636    0.0243   18.0493 O   0  0  0  0  0  0
  -28.7864   -0.4575   15.5275 O   0  0  0  0  0  0
  -29.5256   -1.6294   15.8805 C   0  0  0  0  0  0
  -29.2352   -2.7640   14.9006 C   0  0  1  0  0  0
  -28.9960   -2.2748   13.5778 O   0  0  0  0  0  0
  -28.0073   -3.5682   15.3035 C   0  0  1  0  0  0
  -28.3891   -4.7678   15.9893 O   0  0  0  0  0  0
  -27.2568   -3.8507   14.0155 C   0  0  1  0  0  0
  -27.3121   -5.2377   13.6501 O   0  0  0  0  0  0
  -27.9210   -2.9844   12.9534 C   0  0  2  0  0  0
  -26.9298   -2.0389   12.3790 N   0  0  0  0  0  0
  -26.4791   -0.9140   12.9661 C   0  0  0  0  0  0
  -25.5733   -0.2841   12.1763 N   0  0  0  0  0  0
  -25.4316   -1.0096   11.0560 C   0  0  0  0  0  0
  -24.6343   -0.9066    9.8117 C   0  0  0  0  0  0
  -23.7890    0.1322    9.6179 N   0  0  0  0  0  0
  -24.7776   -1.8866    8.8844 N   0  0  0  0  0  0
  -25.6180   -2.9302    9.0675 C   0  0  0  0  0  0
  -26.3702   -3.0773   10.1787 N   0  0  0  0  0  0
  -26.3267   -2.1712   11.1924 C   0  0  0  0  0  0
  1  2  2  0
  1  3  1  0
  1  4  1  0
  1  8  1  0
  5  6  2  0
  5  7  1  0
  5  8  1  0
  5 12  1  0
  9 10  2  0
  9 11  1  0
  9 12  1  0
  9 13  1  0
 13 14  1  0
 14 15  1  0
 15 16  1  0
 15 17  1  0
 16 21  1  0
 17 18  1  0
 17 19  1  0
 19 20  1  0
 19 21  1  0
 21 22  1  0
 22 23  1  0
 22 31  1  0
 23 24  2  0
 24 25  1  0
 25 26  1  0
 25 31  2  0
 26 27  1  0
 26 28  2  0
 28 29  1  0
 29 30  2  0
 30 31  1  0
M  CHG  4   3  -1   4  -1   7  -1  11  -1
M  END
POSE 5
ATP
                    3D
 
 31 33  0  0  1  0            999 V2000
  -27.0540    0.4323   21.8032 P   0  0  0  0  0  0
  -28.2376    0.6774   22.7049 O   0  0  0  0  0  0
  -26.1761    1.6493   21.6191 O   0  5  0  0  0  0
  -26.3148   -0.8535   22.0897 O   0  5  0  0  0  0
  -28.4564    1.3078   19.5397 P   0  0  0  0  0  0
  -29.6544    1.7658   20.3357 O   0  0  0  0  0  0
  -27.4417    2.3258   19.0870 O   0  5  0  0  0  0
  -27.6959    0.1525   20.3535 O   0  0  0  0  0  0
  -28.3527    0.7661   16.8044 P   0  0  0  0  0  0
  -28.8087    2.1302   16.3425 O   0  0  0  0  0  0
  -26.8782    0.4482   16.8882 O   0  5  0  0  0  0
  -28.9887    0.4956   18.2581 O   0  0  0  0  0  0
  -29.0677   -0.3352   15.8743 O   0  0  0  0  0  0
  -29.3355   -1.6461   16.3638 C   0  0  0  0  0  0
  -29.5397   -2.6343   15.2145 C   0  0  1  0  0  0
  -29.2463   -2.0054   13.9646 O   0  0  0  0  0  0
  -28.6705   -3.8829   15.3153 C   0  0  1  0  0  0
  -29.4957   -5.0459   15.4442 O   0  0  0  0  0  0
  -27.8288   -3.9188   14.0521 C   0  0  1  0  0  0
  -27.9692   -5.1464   13.3280 O   0  0  0  0  0  0
  -28.3053   -2.7553   13.1958 C   0  0  2  0  0  0
  -27.1542   -1.9013   12.8115 N   0  0  0  0  0  0
  -26.5389   -1.0052   13.6058 C   0  0  0  0  0  0
  -25.5166   -0.3991   12.9497 N   0  0  0  0  0  0
  -25.4680   -0.9137   11.7164 C   0  0  0  0  0  0
  -24.6314   -0.7072   10.5159 C   0  0  0  0  0  0
  -23.6188    0.1860   10.5313 N   0  0  0  0  0  0
  -24.9076   -1.4546    9.4204 N   0  0  0  0  0  0
  -25.9178   -2.3543    9.3970 C   0  0  0  0  0  0
  -26.7180   -2.5807   10.4605 N   0  0  0  0  0  0
  -26.5482   -1.9076   11.6260 C   0  0  0  0  0  0
  1  2  2  0
  1  3  1  0
  1  4  1  0
  1  8  1  0
  5  6  2  0
  5  7  1  0
  5  8  1  0
  5 12  1  0
  9 10  2  0
  9 11  1  0
  9 12  1  0
  9 13  1  0
 13 14  1  0
 14 15  1  0
 15 16  1  0
 15 17  1  0
 16 21  1  0
 17 18  1  0
 17 19  1  0
 19 20  1  0
 19 21  1  0
 21 22  1  0
 22 23  1  0
 22 31  1  0
 23 24  2  0
 24 25  1  0
 25 26  1  0
 25 31  2  0
 26 27  1  0
 26 28  2  0
 28 29  1  0
 29 30  2  0
 30 31  1  0
M  CHG  4   3  -1   4  -1   7  -1  11  -1
M  END
LIGAND 003 2MG
POSE 1
2MG
                    3D
 
  1  0  0  0  1  0            999 V2000
  -10.1532    3.2266   31.7021 Mg  0  2  0  0  0  0
M  CHG  1   1   2
M  END
POSE 2
2MG
                    3D
 
  1  0  0  0  1  0            999 V2000
   -9.9934    2.3796   32.0758 Mg  0  2  0  0  0  0
M  CHG  1   1   2
M  END
POSE 3
2MG
                    3D
 
  1  0  0  0  1  0            999 V2000
   -9.9860    3.4462   31.4540 Mg  0  2  0  0  0  0
M  CHG  1   1   2
M  END
POSE 4
2MG
                    3D
 
  1  0  0  0  1  0            999 V2000
   -9.8113    3.5495   31.5732 Mg  0  2  0  0  0  0
M  CHG  1   1   2
M  END
POSE 5
2MG
                    3D
 
  1  0  0  0  1  0            999 V2000
   -9.8113    3.5495   31.5732 Mg  0  2  0  0  0  0
M  CHG  1   1   2
M  END
LIGAND 004 2MG
POSE 1
2MG
                    3D
 
  1  0  0  0  1  0            999 V2000
  -25.8046    3.1199   20.1916 Mg  0  2  0  0  0  0
M  CHG  1   1   2
M  END
POSE 2
2MG
                    3D
 
  1  0  0  0  1  0            999 V2000
  -26.7916    3.4588   20.3771 Mg  0  2  0  0  0  0
M  CHG  1   1   2
M  END
POSE 3
2MG
                    3D
 
  1  0  0  0  1  0            999 V2000
  -25.9736    3.1874   20.0180 Mg  0  2  0  0  0  0
M  CHG  1   1   2
M  END
POSE 4
2MG
                    3D
 
  1  0  0  0  1  0            999 V2000
  -26.1177    3.3149   19.8550 Mg  0  2  0  0  0  0
M  CHG  1   1   2
M  END
POSE 5
2MG
                    3D
 
  1  0  0  0  1  0            999 V2000
  -26.1177    3.3149   19.8550 Mg  0  2  0  0  0  0
M  CHG  1   1   2
M  END
END
