PFRMAT LG
TARGET T1158v1
MODEL 1
LIGAND 001 XPG
POSE 1
XPG
                    3D
 
 25 25  0  0  1  0            999 V2000
  -13.9897    5.9134   14.5601 O   0  0  0  0  0  0
  -16.6553    9.6618   15.7073 O   0  0  0  0  0  0
   -8.9109    8.0963   13.3963 O   0  0  0  0  0  0
  -11.3808   14.0779   10.3373 O   0  5  0  0  0  0
  -10.9818   15.8961   11.5396 O   0  0  0  0  0  0
  -14.2493    9.5256   15.2963 C   0  0  1  0  0  0
  -13.4940    8.3085   14.7391 C   0  0  2  0  0  0
  -14.1991    7.0787   15.3327 C   0  0  1  0  0  0
  -15.6832    7.4561   15.4037 C   0  0  0  0  0  0
  -14.1855   10.7534   14.3618 C   0  0  0  0  0  0
  -15.6603    8.9734   15.4922 C   0  0  0  0  0  0
  -14.4359   12.0955   15.0719 C   0  0  0  0  0  0
  -12.0067    8.3760   15.0305 C   0  0  0  0  0  0
  -14.6271   13.2742   14.0978 C   0  0  0  0  0  0
  -11.0810    8.7494   14.1327 C   0  0  0  0  0  0
  -13.4988   13.4654   13.0677 C   0  0  0  0  0  0
   -9.5953    8.8400   14.3819 C   0  0  2  0  0  0
   -9.0907   10.2941   14.3281 C   0  0  0  0  0  0
  -12.1593   13.9457   13.6529 C   0  0  0  0  0  0
   -9.6185   11.1579   15.4877 C   0  0  0  0  0  0
  -10.9733   13.8031   12.6751 C   0  0  0  0  0  0
   -8.8251   12.4586   15.6744 C   0  0  0  0  0  0
   -9.3851   13.3258   16.8109 C   0  0  0  0  0  0
  -11.1392   14.6607   11.4209 C   0  0  0  0  0  0
   -8.5706   14.6066   17.0277 C   0  0  0  0  0  0
  1  8  1  0  0  0
  2 11  2  0  0  0
  3 17  1  0  0  0
  4 24  1  0  0  0
  5 24  2  0  0  0
  6  7  1  0  0  0
  6 10  1  0  0  0
  6 11  1  0  0  0
  7  8  1  0  0  0
  7 13  1  0  0  0
  8  9  1  0  0  0
  9 11  1  0  0  0
 10 12  1  0  0  0
 12 14  1  0  0  0
 13 15  2  0  0  0
 14 16  1  0  0  0
 15 17  1  0  0  0
 16 19  1  0  0  0
 17 18  1  0  0  0
 18 20  1  0  0  0
 19 21  1  0  0  0
 20 22  1  0  0  0
 21 24  1  0  0  0
 22 23  1  0  0  0
 23 25  1  0  0  0
M  CHG  1   4  -1
M  END
POSE 2
XPG
                    3D
 
 25 25  0  0  1  0            999 V2000
  -16.0806    6.7154   15.7411 O   0  0  0  0  0  0
  -17.9397   11.0508   15.5356 O   0  0  0  0  0  0
  -10.8299    6.7808   14.8871 O   0  0  0  0  0  0
  -10.9815   15.8936   11.5391 O   0  5  0  0  0  0
  -11.3813   14.1099   10.2818 O   0  0  0  0  0  0
  -15.5890   10.3596   15.5654 C   0  0  1  0  0  0
  -15.1000    8.9207   15.3663 C   0  0  2  0  0  0
  -16.0687    8.0561   16.1882 C   0  0  1  0  0  0
  -17.4423    8.7233   16.0258 C   0  0  0  0  0  0
  -15.1424   11.2816   14.4211 C   0  0  0  0  0  0
  -17.0990   10.1659   15.6871 C   0  0  0  0  0  0
  -15.2011   12.7845   14.7425 C   0  0  0  0  0  0
  -13.6423    8.7623   15.7481 C   0  0  0  0  0  0
  -14.9746   13.6694   13.5054 C   0  0  0  0  0  0
  -12.6987    8.2608   14.9355 C   0  0  0  0  0  0
  -13.6637   13.4230   12.7480 C   0  0  0  0  0  0
  -11.2414    8.0643   15.3044 C   0  0  2  0  0  0
  -10.3119    9.1110   14.6581 C   0  0  0  0  0  0
  -12.4141   13.9550   13.4663 C   0  0  0  0  0  0
  -10.3430   10.4682   15.3796 C   0  0  0  0  0  0
  -11.1328   13.7879   12.6313 C   0  0  0  0  0  0
   -9.2708   11.4509   14.8789 C   0  0  0  0  0  0
   -9.2623   12.7903   15.6382 C   0  0  0  0  0  0
  -11.1709   14.6674   11.3858 C   0  0  0  0  0  0
   -8.7231   12.6939   17.0732 C   0  0  0  0  0  0
  1  8  1  0  0  0
  2 11  2  0  0  0
  3 17  1  0  0  0
  4 24  1  0  0  0
  5 24  2  0  0  0
  6  7  1  0  0  0
  6 10  1  0  0  0
  6 11  1  0  0  0
  7  8  1  0  0  0
  7 13  1  0  0  0
  8  9  1  0  0  0
  9 11  1  0  0  0
 10 12  1  0  0  0
 12 14  1  0  0  0
 13 15  2  0  0  0
 14 16  1  0  0  0
 15 17  1  0  0  0
 16 19  1  0  0  0
 17 18  1  0  0  0
 18 20  1  0  0  0
 19 21  1  0  0  0
 20 22  1  0  0  0
 21 24  1  0  0  0
 22 23  1  0  0  0
 23 25  1  0  0  0
M  CHG  1   4  -1
M  END
POSE 3
XPG
                    3D
 
 25 25  0  0  1  0            999 V2000
  -17.5666   11.4266   16.0250 O   0  0  0  0  0  0
  -16.0307    7.0686   15.1888 O   0  0  0  0  0  0
  -13.2653   13.5418   12.3320 O   0  0  0  0  0  0
   -8.5829   11.8969   11.9394 O   0  5  0  0  0  0
   -8.1806    9.7549   11.5753 O   0  0  0  0  0  0
  -14.8384    9.1985   14.9770 C   0  0  1  0  0  0
  -15.3514   10.5139   15.5727 C   0  0  2  0  0  0
  -16.8360   10.5748   15.1650 C   0  0  1  0  0  0
  -17.3330    9.1230   15.2562 C   0  0  0  0  0  0
  -13.5274    8.6748   15.5969 C   0  0  0  0  0  0
  -16.0582    8.2977   15.1433 C   0  0  0  0  0  0
  -12.3052    9.0455   14.7459 C   0  0  0  0  0  0
  -14.5235   11.7275   15.1993 C   0  0  0  0  0  0
  -10.9975    8.4211   15.2521 C   0  0  0  0  0  0
  -14.4591   12.2994   13.9863 C   0  0  0  0  0  0
   -9.7850    8.7850   14.3810 C   0  0  0  0  0  0
  -13.6838   13.5632   13.6806 C   0  0  2  0  0  0
  -14.5359   14.8363   13.8792 C   0  0  0  0  0  0
   -9.2785   10.2267   14.5984 C   0  0  0  0  0  0
  -15.1302   15.0363   15.2891 C   0  0  0  0  0  0
   -7.9904   10.5686   13.8168 C   0  0  0  0  0  0
  -14.0880   15.1309   16.4184 C   0  0  0  0  0  0
  -14.7310   15.3588   17.7943 C   0  0  0  0  0  0
   -8.2631   10.7534   12.3293 C   0  0  0  0  0  0
  -13.6991   15.3956   18.9274 C   0  0  0  0  0  0
  1  8  1  0  0  0
  2 11  2  0  0  0
  3 17  1  0  0  0
  4 24  1  0  0  0
  5 24  2  0  0  0
  6  7  1  0  0  0
  6 10  1  0  0  0
  6 11  1  0  0  0
  7  8  1  0  0  0
  7 13  1  0  0  0
  8  9  1  0  0  0
  9 11  1  0  0  0
 10 12  1  0  0  0
 12 14  1  0  0  0
 13 15  2  0  0  0
 14 16  1  0  0  0
 15 17  1  0  0  0
 16 19  1  0  0  0
 17 18  1  0  0  0
 18 20  1  0  0  0
 19 21  1  0  0  0
 20 22  1  0  0  0
 21 24  1  0  0  0
 22 23  1  0  0  0
 23 25  1  0  0  0
M  CHG  1   4  -1
M  END
POSE 4
XPG
                    3D
 
 25 25  0  0  1  0            999 V2000
  -19.2976    8.5265   15.8568 O   0  0  0  0  0  0
  -18.0837   13.0475   16.4770 O   0  0  0  0  0  0
  -13.8493    6.9496   15.5372 O   0  0  0  0  0  0
  -11.3815   13.8971    9.9440 O   0  5  0  0  0  0
  -10.9819   15.4959   11.4166 O   0  0  0  0  0  0
  -16.6940   11.1334   15.8280 C   0  0  1  0  0  0
  -17.2144    9.7285   15.4639 C   0  0  2  0  0  0
  -18.4128    9.4884   16.3930 C   0  0  1  0  0  0
  -19.1029   10.8494   16.5298 C   0  0  0  0  0  0
  -15.9785   11.8532   14.6623 C   0  0  0  0  0  0
  -17.9716   11.8351   16.2926 C   0  0  0  0  0  0
  -15.1258   13.0711   15.0844 C   0  0  0  0  0  0
  -16.1528    8.6512   15.5800 C   0  0  0  0  0  0
  -14.7702   13.9985   13.9085 C   0  0  0  0  0  0
  -16.0426    7.6010   14.7457 C   0  0  0  0  0  0
  -13.7533   13.4194   12.9086 C   0  0  0  0  0  0
  -14.9853    6.5100   14.8194 C   0  0  2  0  0  0
  -15.5127    5.2234   15.4859 C   0  0  0  0  0  0
  -12.2935   13.6382   13.3421 C   0  0  0  0  0  0
  -16.5890    4.4883   14.6691 C   0  0  0  0  0  0
  -11.2608   13.2711   12.2588 C   0  0  0  0  0  0
  -17.0648    3.1985   15.3586 C   0  0  0  0  0  0
  -18.1290    2.4440   14.5468 C   0  0  0  0  0  0
  -11.2210   14.3018   11.1227 C   0  0  0  0  0  0
  -18.5808    1.1478   15.2327 C   0  0  0  0  0  0
  1  8  1  0  0  0
  2 11  2  0  0  0
  3 17  1  0  0  0
  4 24  1  0  0  0
  5 24  2  0  0  0
  6  7  1  0  0  0
  6 10  1  0  0  0
  6 11  1  0  0  0
  7  8  1  0  0  0
  7 13  1  0  0  0
  8  9  1  0  0  0
  9 11  1  0  0  0
 10 12  1  0  0  0
 12 14  1  0  0  0
 13 15  2  0  0  0
 14 16  1  0  0  0
 15 17  1  0  0  0
 16 19  1  0  0  0
 17 18  1  0  0  0
 18 20  1  0  0  0
 19 21  1  0  0  0
 20 22  1  0  0  0
 21 24  1  0  0  0
 22 23  1  0  0  0
 23 25  1  0  0  0
M  CHG  1   4  -1
M  END
POSE 5
XPG
                    3D
 
 25 25  0  0  1  0            999 V2000
  -14.7259    4.5861   14.5165 O   0  0  0  0  0  0
  -17.1585    8.0001   16.7374 O   0  0  0  0  0  0
   -9.7809    5.4193   14.2026 O   0  0  0  0  0  0
  -12.0480   13.4998   10.7094 O   0  5  0  0  0  0
  -10.5819   15.0963   11.1391 O   0  0  0  0  0  0
  -14.9612    8.0982   15.6701 C   0  0  1  0  0  0
  -14.2854    6.9810   14.8418 C   0  0  2  0  0  0
  -14.8010    5.6563   15.4384 C   0  0  1  0  0  0
  -16.2464    5.9304   15.8586 C   0  0  0  0  0  0
  -15.2639    9.4176   14.9158 C   0  0  0  0  0  0
  -16.2423    7.4206   16.1549 C   0  0  0  0  0  0
  -14.0350   10.3000   14.6417 C   0  0  0  0  0  0
  -12.7730    7.1171   14.7484 C   0  0  0  0  0  0
  -14.3827   11.6691   14.0403 C   0  0  0  0  0  0
  -11.8377    6.2250   15.1294 C   0  0  0  0  0  0
  -13.1349   12.4836   13.6709 C   0  0  0  0  0  0
  -10.3261    6.4107   15.0483 C   0  0  2  0  0  0
   -9.8389    7.7870   14.5426 C   0  0  0  0  0  0
  -13.4799   13.8787   13.1267 C   0  0  0  0  0  0
  -10.0496    8.9340   15.5475 C   0  0  0  0  0  0
  -12.2511   14.7447   12.7760 C   0  0  0  0  0  0
   -9.6809   10.3019   14.9533 C   0  0  0  0  0  0
   -9.9147   11.4597   15.9319 C   0  0  0  0  0  0
  -11.5708   14.3958   11.4471 C   0  0  0  0  0  0
   -9.4632   12.8072   15.3603 C   0  0  0  0  0  0
  1  8  1  0  0  0
  2 11  2  0  0  0
  3 17  1  0  0  0
  4 24  1  0  0  0
  5 24  2  0  0  0
  6  7  1  0  0  0
  6 10  1  0  0  0
  6 11  1  0  0  0
  7  8  1  0  0  0
  7 13  1  0  0  0
  8  9  1  0  0  0
  9 11  1  0  0  0
 10 12  1  0  0  0
 12 14  1  0  0  0
 13 15  2  0  0  0
 14 16  1  0  0  0
 15 17  1  0  0  0
 16 19  1  0  0  0
 17 18  1  0  0  0
 18 20  1  0  0  0
 19 21  1  0  0  0
 20 22  1  0  0  0
 21 24  1  0  0  0
 22 23  1  0  0  0
 23 25  1  0  0  0
M  CHG  1   4  -1
M  END
END
