PFRMAT LG
TARGET T1158v3
MODEL 1
LIGAND 001 XH0
POSE 1
XH0
                    3D
 
 25 28  0  0  1  0            999 V2000
  -21.5530    6.2465   17.9389 S   0  0  0  0  0  0
  -12.4799   14.1185   15.8964 O   0  0  0  0  0  0
  -20.6083    6.8061   16.6510 O   0  0  0  0  0  0
  -20.5814    5.8998   18.9895 O   0  5  0  0  0  0
  -22.4130    7.3934   18.2675 O   0  0  0  0  0  0
  -22.2503    5.0853   17.3587 O   0  0  0  0  0  0
  -16.6065   10.9087   15.9623 C   0  0  1  0  0  0
  -17.0549   12.3985   15.9746 C   0  0  2  0  0  0
  -15.8205   13.2499   16.3596 C   0  0  1  0  0  0
  -14.6581   13.1383   15.3643 C   0  0  2  0  0  0
  -17.7717    9.8927   15.6899 C   0  0  2  0  0  0
  -15.3407   10.7063   15.0635 C   0  0  0  0  0  0
  -14.1745   11.6766   15.3710 C   0  0  0  0  0  0
  -15.9460   14.7456   16.6956 C   0  0  0  0  0  0
  -18.2258   12.6250   16.9492 C   0  0  0  0  0  0
  -19.0519   10.2695   16.4565 C   0  0  0  0  0  0
  -17.3165    8.4753   16.1338 C   0  0  0  0  0  0
  -13.7049   14.1604   15.9811 C   0  0  0  0  0  0
  -14.4844   15.2429   16.7254 C   0  0  0  0  0  0
  -19.2247   11.4832   17.0085 C   0  0  0  0  0  0
  -14.9812   13.6242   13.9311 C   0  0  0  0  0  0
  -18.1057    9.8860   14.1932 C   0  0  0  0  0  0
  -20.1529    9.2004   16.5228 C   0  0  0  0  0  0
  -18.4207    7.4161   16.0704 C   0  0  0  0  0  0
  -19.6328    7.8074   16.9234 C   0  0  2  0  0  0
  1  3  1  0  0  0
  1  4  1  0  0  0
  1  5  2  0  0  0
  1  6  2  0  0  0
  2 18  2  0  0  0
  3 25  1  0  0  0
  7  8  1  0  0  0
  7 11  1  0  0  0
  7 12  1  0  0  0
  8  9  1  0  0  0
  8 15  1  0  0  0
  9 10  1  0  0  0
  9 14  1  0  0  0
 10 13  1  0  0  0
 10 18  1  0  0  0
 10 21  1  0  0  0
 11 16  1  0  0  0
 11 17  1  0  0  0
 11 22  1  0  0  0
 12 13  1  0  0  0
 14 19  1  0  0  0
 15 20  1  0  0  0
 16 20  2  0  0  0
 16 23  1  0  0  0
 17 24  1  0  0  0
 18 19  1  0  0  0
 23 25  1  0  0  0
 24 25  1  0  0  0
M  CHG  1   4  -1
M  END
POSE 2
XH0
                    3D
 
 25 28  0  0  1  0            999 V2000
  -21.1318    5.9083   15.5227 S   0  0  0  0  0  0
  -12.3103   13.8817   13.0713 O   0  0  0  0  0  0
  -20.0493    6.8111   16.4691 O   0  0  0  0  0  0
  -21.8675    5.1040   16.5141 O   0  5  0  0  0  0
  -21.9485    6.9270   14.8450 O   0  0  0  0  0  0
  -20.2656    5.1101   14.6467 O   0  0  0  0  0  0
  -15.9729   10.6929   14.9763 C   0  0  1  0  0  0
  -14.5970   10.4494   15.6604 C   0  0  2  0  0  0
  -13.4925   11.1706   14.8525 C   0  0  1  0  0  0
  -13.7105   12.6829   14.6913 C   0  0  2  0  0  0
  -17.1857    9.9862   15.7052 C   0  0  2  0  0  0
  -16.1906   12.2016   14.6667 C   0  0  0  0  0  0
  -15.0203   12.8860   13.9222 C   0  0  0  0  0  0
  -12.0176   11.0374   15.2509 C   0  0  0  0  0  0
  -14.3183    8.9418   15.7243 C   0  0  0  0  0  0
  -16.7675    8.6159   16.2740 C   0  0  0  0  0  0
  -18.3293    9.7368   14.6903 C   0  0  0  0  0  0
  -12.4242   13.0171   13.9389 C   0  0  0  0  0  0
  -11.3014   12.0797   14.3702 C   0  0  0  0  0  0
  -15.4986    8.1679   16.2647 C   0  0  0  0  0  0
  -13.7224   13.4857   16.0186 C   0  0  0  0  0  0
  -17.7484   10.8832   16.8371 C   0  0  0  0  0  0
  -17.8878    7.7377   16.8184 C   0  0  0  0  0  0
  -19.4938    8.8715   15.2298 C   0  0  0  0  0  0
  -19.0106    7.5186   15.7889 C   0  0  2  0  0  0
  1  3  1  0  0  0
  1  4  1  0  0  0
  1  5  2  0  0  0
  1  6  2  0  0  0
  2 18  2  0  0  0
  3 25  1  0  0  0
  7  8  1  0  0  0
  7 11  1  0  0  0
  7 12  1  0  0  0
  8  9  1  0  0  0
  8 15  1  0  0  0
  9 10  1  0  0  0
  9 14  1  0  0  0
 10 13  1  0  0  0
 10 18  1  0  0  0
 10 21  1  0  0  0
 11 16  1  0  0  0
 11 17  1  0  0  0
 11 22  1  0  0  0
 12 13  1  0  0  0
 14 19  1  0  0  0
 15 20  1  0  0  0
 16 20  2  0  0  0
 16 23  1  0  0  0
 17 24  1  0  0  0
 18 19  1  0  0  0
 23 25  1  0  0  0
 24 25  1  0  0  0
M  CHG  1   4  -1
M  END
POSE 3
XH0
                    3D
 
 25 28  0  0  1  0            999 V2000
   -7.3816   10.4129   11.9670 S   0  0  0  0  0  0
  -16.5350    3.1874   14.5585 O   0  0  0  0  0  0
   -8.0443   10.0144   13.4637 O   0  0  0  0  0  0
   -7.6045    9.2157   11.1392 O   0  5  0  0  0  0
   -8.1814   11.5707   11.5391 O   0  0  0  0  0  0
   -5.9762   10.6969   12.2769 O   0  0  0  0  0  0
  -12.4636    6.5342   14.5848 C   0  0  1  0  0  0
  -13.7219    7.1426   15.2647 C   0  0  2  0  0  0
  -14.9568    6.3079   14.8511 C   0  0  1  0  0  0
  -14.8458    4.8230   15.2237 C   0  0  2  0  0  0
  -11.1328    7.3406   14.8094 C   0  0  2  0  0  0
  -12.3552    4.9851   14.7590 C   0  0  0  0  0  0
  -13.6668    4.2264   14.4335 C   0  0  0  0  0  0
  -16.3714    6.7267   15.2749 C   0  0  0  0  0  0
  -13.9144    8.6240   14.8856 C   0  0  0  0  0  0
  -11.3898    8.8528   14.6998 C   0  0  0  0  0  0
  -10.1088    6.8852   13.7303 C   0  0  0  0  0  0
  -16.2408    4.3510   14.8264 C   0  0  0  0  0  0
  -17.2382    5.5069   14.8968 C   0  0  0  0  0  0
  -12.6192    9.3965   14.7392 C   0  0  0  0  0  0
  -14.6972    4.5515   16.7382 C   0  0  0  0  0  0
  -10.5240    7.0970   16.2023 C   0  0  0  0  0  0
  -10.1543    9.7318   14.5607 C   0  0  0  0  0  0
   -8.8672    7.7690   13.6099 C   0  0  0  0  0  0
   -9.2387    9.2509   13.4299 C   0  0  2  0  0  0
  1  3  1  0  0  0
  1  4  1  0  0  0
  1  5  2  0  0  0
  1  6  2  0  0  0
  2 18  2  0  0  0
  3 25  1  0  0  0
  7  8  1  0  0  0
  7 11  1  0  0  0
  7 12  1  0  0  0
  8  9  1  0  0  0
  8 15  1  0  0  0
  9 10  1  0  0  0
  9 14  1  0  0  0
 10 13  1  0  0  0
 10 18  1  0  0  0
 10 21  1  0  0  0
 11 16  1  0  0  0
 11 17  1  0  0  0
 11 22  1  0  0  0
 12 13  1  0  0  0
 14 19  1  0  0  0
 15 20  1  0  0  0
 16 20  2  0  0  0
 16 23  1  0  0  0
 17 24  1  0  0  0
 18 19  1  0  0  0
 23 25  1  0  0  0
 24 25  1  0  0  0
M  CHG  1   4  -1
M  END
POSE 4
XH0
                    3D
 
 25 28  0  0  1  0            999 V2000
   -9.2239   13.8326   16.4020 S   0  0  0  0  0  0
  -19.8093    8.4231   16.9871 O   0  0  0  0  0  0
  -10.7415   14.2972   15.8168 O   0  0  0  0  0  0
   -8.4784   15.0962   16.3429 O   0  5  0  0  0  0
   -9.4857   13.3405   17.7630 O   0  0  0  0  0  0
   -8.7738   12.8067   15.4459 O   0  0  0  0  0  0
  -15.5530   11.2075   15.8273 C   0  0  1  0  0  0
  -15.5416    9.8194   15.1170 C   0  0  2  0  0  0
  -16.6255    8.9154   15.7396 C   0  0  1  0  0  0
  -18.0334    9.5222   15.7034 C   0  0  2  0  0  0
  -14.4744   12.1891   15.2474 C   0  0  2  0  0  0
  -16.9859   11.8111   15.9515 C   0  0  0  0  0  0
  -18.0272   10.8218   16.5261 C   0  0  0  0  0  0
  -16.7991    7.4714   15.2464 C   0  0  0  0  0  0
  -14.1602    9.1500   15.2542 C   0  0  0  0  0  0
  -13.1222   11.4621   15.1253 C   0  0  0  0  0  0
  -14.3526   13.4188   16.1983 C   0  0  0  0  0  0
  -18.8064    8.3389   16.2801 C   0  0  0  0  0  0
  -18.1421    7.0278   15.8627 C   0  0  0  0  0  0
  -13.0070   10.1198   15.1378 C   0  0  0  0  0  0
  -18.5819    9.7801   14.2859 C   0  0  0  0  0  0
  -14.8558   12.6973   13.8396 C   0  0  0  0  0  0
  -11.8865   12.3317   14.9691 C   0  0  0  0  0  0
  -13.0985   14.2774   15.9789 C   0  0  0  0  0  0
  -11.8304   13.4217   16.0437 C   0  0  2  0  0  0
  1  3  1  0  0  0
  1  4  1  0  0  0
  1  5  2  0  0  0
  1  6  2  0  0  0
  2 18  2  0  0  0
  3 25  1  0  0  0
  7  8  1  0  0  0
  7 11  1  0  0  0
  7 12  1  0  0  0
  8  9  1  0  0  0
  8 15  1  0  0  0
  9 10  1  0  0  0
  9 14  1  0  0  0
 10 13  1  0  0  0
 10 18  1  0  0  0
 10 21  1  0  0  0
 11 16  1  0  0  0
 11 17  1  0  0  0
 11 22  1  0  0  0
 12 13  1  0  0  0
 14 19  1  0  0  0
 15 20  1  0  0  0
 16 20  2  0  0  0
 16 23  1  0  0  0
 17 24  1  0  0  0
 18 19  1  0  0  0
 23 25  1  0  0  0
 24 25  1  0  0  0
M  CHG  1   4  -1
M  END
POSE 5
XH0
                    3D
 
 25 28  0  0  1  0            999 V2000
   -9.6979    3.0361   12.2273 S   0  0  0  0  0  0
  -19.7796    8.9626   15.1561 O   0  0  0  0  0  0
  -10.7447    2.9180   13.5495 O   0  0  0  0  0  0
   -9.2249    4.4296   12.2781 O   0  5  0  0  0  0
   -8.6730    2.0236   12.5245 O   0  0  0  0  0  0
  -10.5540    2.7112   11.0756 O   0  0  0  0  0  0
  -15.3987    6.1182   14.6912 C   0  0  1  0  0  0
  -15.1448    7.4844   15.3974 C   0  0  2  0  0  0
  -16.3480    8.4156   15.1554 C   0  0  1  0  0  0
  -17.6758    7.8239   15.6462 C   0  0  2  0  0  0
  -14.2284    5.0957   14.9252 C   0  0  2  0  0  0
  -16.8259    5.5424   14.9621 C   0  0  0  0  0  0
  -17.9681    6.5720   14.8007 C   0  0  0  0  0  0
  -16.3308    9.8571   15.6833 C   0  0  0  0  0  0
  -13.8486    8.1240   14.8716 C   0  0  0  0  0  0
  -12.8618    5.7915   14.7712 C   0  0  0  0  0  0
  -14.3424    3.9572   13.8730 C   0  0  0  0  0  0
  -18.5762    9.0273   15.4005 C   0  0  0  0  0  0
  -17.7893   10.3279   15.5188 C   0  0  0  0  0  0
  -12.7167    7.1296   14.7463 C   0  0  0  0  0  0
  -17.7256    7.5047   17.1621 C   0  0  0  0  0  0
  -14.3028    4.4846   16.3445 C   0  0  0  0  0  0
  -11.6454    4.8809   14.6386 C   0  0  0  0  0  0
  -13.1229    3.0256   13.8021 C   0  0  0  0  0  0
  -11.8413    3.8227   13.5427 C   0  0  2  0  0  0
  1  3  1  0  0  0
  1  4  1  0  0  0
  1  5  2  0  0  0
  1  6  2  0  0  0
  2 18  2  0  0  0
  3 25  1  0  0  0
  7  8  1  0  0  0
  7 11  1  0  0  0
  7 12  1  0  0  0
  8  9  1  0  0  0
  8 15  1  0  0  0
  9 10  1  0  0  0
  9 14  1  0  0  0
 10 13  1  0  0  0
 10 18  1  0  0  0
 10 21  1  0  0  0
 11 16  1  0  0  0
 11 17  1  0  0  0
 11 22  1  0  0  0
 12 13  1  0  0  0
 14 19  1  0  0  0
 15 20  1  0  0  0
 16 20  2  0  0  0
 16 23  1  0  0  0
 17 24  1  0  0  0
 18 19  1  0  0  0
 23 25  1  0  0  0
 24 25  1  0  0  0
M  CHG  1   4  -1
M  END
END
