PFRMAT LG
TARGET T1158v2
MODEL 1
LIGAND 001 P2E
POSE 1
P2E
                    3D
 
 25 25  0  0  1  0            999 V2000
  -15.7746   13.8822   14.7391 O   0  0  0  0  0  0
  -15.9177    9.2432   15.3339 O   0  0  0  0  0  0
  -11.6064   15.5969   12.2927 O   0  0  0  0  0  0
   -8.1791    9.7084   11.5823 O   0  5  0  0  0  0
   -8.5814   11.8473   11.9391 O   0  0  0  0  0  0
  -14.0006   12.2032   14.7241 C   0  0  2  0  0  0
  -14.0119   10.6654   14.7608 C   0  0  2  0  0  0
  -15.3914   12.6260   14.2249 C   0  0  1  0  0  0
  -16.3721   11.5399   14.6901 C   0  0  0  0  0  0
  -15.4875   10.3367   14.9721 C   0  0  0  0  0  0
  -13.0749   10.0818   15.8335 C   0  0  0  0  0  0
  -12.8522   12.7362   13.8857 C   0  0  0  0  0  0
  -12.4305   14.0089   13.8965 C   0  0  0  0  0  0
  -12.6870    8.6340   15.5834 C   0  0  0  0  0  0
  -11.2276   14.5196   13.1269 C   0  0  2  0  0  0
  -10.1510   15.0265   14.0963 C   0  0  0  0  0  0
   -9.5257   13.9276   14.9754 C   0  0  0  0  0  0
  -11.4426    8.1454   15.4084 C   0  0  0  0  0  0
   -8.8112   14.4578   16.2321 C   0  0  0  0  0  0
  -10.1419    8.9330   15.4024 C   0  0  0  0  0  0
   -8.2795   13.3332   17.1352 C   0  0  0  0  0  0
   -9.6300    9.1319   13.9679 C   0  0  0  0  0  0
   -8.7419   10.3804   13.8090 C   0  0  0  0  0  0
   -9.3733   12.6781   17.9899 C   0  0  0  0  0  0
   -8.4486   10.6697   12.3390 C   0  0  0  0  0  0
  1  8  1  0  0  0
  2 10  2  0  0  0
  3 15  1  0  0  0
  4 25  1  0  0  0
  5 25  2  0  0  0
  6  7  1  0  0  0
  6  8  1  0  0  0
  6 12  1  0  0  0
  7 10  1  0  0  0
  7 11  1  0  0  0
  8  9  1  0  0  0
  9 10  1  0  0  0
 11 14  1  0  0  0
 12 13  2  0  0  0
 13 15  1  0  0  0
 14 18  2  0  0  0
 15 16  1  0  0  0
 16 17  1  0  0  0
 17 19  1  0  0  0
 18 20  1  0  0  0
 19 21  1  0  0  0
 20 22  1  0  0  0
 21 24  1  0  0  0
 22 23  1  0  0  0
 23 25  1  0  0  0
M  CHG  1   4  -1
M  END
POSE 2
P2E
                    3D
 
 25 25  0  0  1  0            999 V2000
  -18.8827    9.7974   14.7024 O   0  0  0  0  0  0
  -14.9223   11.8224   16.3389 O   0  0  0  0  0  0
  -18.3886    4.5736   14.3391 O   0  0  0  0  0  0
  -10.9261   15.4970   11.4800 O   0  5  0  0  0  0
  -11.3824   13.8997   10.0108 O   0  0  0  0  0  0
  -16.6228    8.9355   15.0299 C   0  0  2  0  0  0
  -15.3035    9.5319   15.5590 C   0  0  2  0  0  0
  -17.7419    9.8631   15.5310 C   0  0  1  0  0  0
  -17.1389   11.2652   15.5539 C   0  0  0  0  0  0
  -15.6782   10.9887   15.8504 C   0  0  0  0  0  0
  -14.1407    9.3778   14.5483 C   0  0  0  0  0  0
  -16.8386    7.4947   15.4548 C   0  0  0  0  0  0
  -16.9913    6.4636   14.6077 C   0  0  0  0  0  0
  -12.7840    9.8346   15.0634 C   0  0  0  0  0  0
  -17.2520    5.0375   15.0342 C   0  0  2  0  0  0
  -16.0427    4.1246   14.7518 C   0  0  0  0  0  0
  -16.0479    2.7814   15.5159 C   0  0  0  0  0  0
  -12.1898   11.0192   14.8294 C   0  0  0  0  0  0
  -17.2141    1.8255   15.1935 C   0  0  0  0  0  0
  -12.7570   12.1839   14.0369 C   0  0  0  0  0  0
  -17.3194    1.4667   13.7044 C   0  0  0  0  0  0
  -11.8461   12.6381   12.8915 C   0  0  0  0  0  0
  -12.4737   13.8145   12.1277 C   0  0  0  0  0  0
  -18.4209    0.4463   13.4096 C   0  0  0  0  0  0
  -11.4915   14.4359   11.1392 C   0  0  0  0  0  0
  1  8  1  0  0  0
  2 10  2  0  0  0
  3 15  1  0  0  0
  4 25  1  0  0  0
  5 25  2  0  0  0
  6  7  1  0  0  0
  6  8  1  0  0  0
  6 12  1  0  0  0
  7 10  1  0  0  0
  7 11  1  0  0  0
  8  9  1  0  0  0
  9 10  1  0  0  0
 11 14  1  0  0  0
 12 13  2  0  0  0
 13 15  1  0  0  0
 14 18  2  0  0  0
 15 16  1  0  0  0
 16 17  1  0  0  0
 17 19  1  0  0  0
 18 20  1  0  0  0
 19 21  1  0  0  0
 20 22  1  0  0  0
 21 24  1  0  0  0
 22 23  1  0  0  0
 23 25  1  0  0  0
M  CHG  1   4  -1
M  END
POSE 3
P2E
                    3D
 
 25 25  0  0  1  0            999 V2000
  -13.6943    5.8666   14.3710 O   0  0  0  0  0  0
  -17.0715    8.3348   16.6170 O   0  0  0  0  0  0
   -9.3876    8.6036   13.5467 O   0  0  0  0  0  0
  -11.3815   14.0542   10.3274 O   0  5  0  0  0  0
  -10.9886   15.8650   11.5405 O   0  0  0  0  0  0
  -13.8173    8.1988   15.1218 C   0  0  2  0  0  0
  -14.8112    9.0151   15.9775 C   0  0  2  0  0  0
  -14.1482    6.7226   15.4004 C   0  0  1  0  0  0
  -15.6660    6.6693   15.5610 C   0  0  0  0  0  0
  -15.9938    8.0516   16.0953 C   0  0  0  0  0  0
  -15.2296   10.3736   15.3657 C   0  0  0  0  0  0
  -12.3507    8.4928   15.3788 C   0  0  0  0  0  0
  -11.5310    9.0500   14.4767 C   0  0  0  0  0  0
  -14.2602   11.5037   15.6810 C   0  0  0  0  0  0
  -10.0328    9.2245   14.6374 C   0  0  2  0  0  0
   -9.5889   10.6937   14.6676 C   0  0  0  0  0  0
  -10.0415   11.4436   15.9280 C   0  0  0  0  0  0
  -13.5735   12.2751   14.8176 C   0  0  0  0  0  0
   -9.4038   12.8348   16.0360 C   0  0  0  0  0  0
  -13.6061   12.1796   13.3074 C   0  0  0  0  0  0
   -9.8135   13.5772   17.3174 C   0  0  0  0  0  0
  -13.3168   13.5035   12.5785 C   0  0  0  0  0  0
  -11.8359   13.9425   12.6746 C   0  0  0  0  0  0
   -9.1306   14.9429   17.4375 C   0  0  0  0  0  0
  -11.3778   14.6826   11.4139 C   0  0  0  0  0  0
  1  8  1  0  0  0
  2 10  2  0  0  0
  3 15  1  0  0  0
  4 25  1  0  0  0
  5 25  2  0  0  0
  6  7  1  0  0  0
  6  8  1  0  0  0
  6 12  1  0  0  0
  7 10  1  0  0  0
  7 11  1  0  0  0
  8  9  1  0  0  0
  9 10  1  0  0  0
 11 14  1  0  0  0
 12 13  2  0  0  0
 13 15  1  0  0  0
 14 18  2  0  0  0
 15 16  1  0  0  0
 16 17  1  0  0  0
 17 19  1  0  0  0
 18 20  1  0  0  0
 19 21  1  0  0  0
 20 22  1  0  0  0
 21 24  1  0  0  0
 22 23  1  0  0  0
 23 25  1  0  0  0
M  CHG  1   4  -1
M  END
POSE 4
P2E
                    3D
 
 25 25  0  0  1  0            999 V2000
   -9.7813    6.7983   15.0647 O   0  0  0  0  0  0
   -8.5463   10.1281   11.9392 O   0  0  0  0  0  0
  -14.4542   11.2333   16.3376 O   0  0  0  0  0  0
  -10.5814   15.0970   11.1391 O   0  5  0  0  0  0
  -11.7814   13.6961    9.9392 O   0  0  0  0  0  0
  -10.4458    9.1374   14.8377 C   0  0  2  0  0  0
  -10.0750   10.2590   13.8332 C   0  0  2  0  0  0
  -10.1167    7.8079   14.1347 C   0  0  1  0  0  0
   -8.9375    8.0962   13.2050 C   0  0  0  0  0  0
   -9.0956    9.5714   12.8898 C   0  0  0  0  0  0
   -9.4457   11.5252   14.4594 C   0  0  0  0  0  0
  -11.8752    9.1576   15.3735 C   0  0  0  0  0  0
  -12.8436   10.0416   15.0693 C   0  0  0  0  0  0
  -10.3598   12.2116   15.4586 C   0  0  0  0  0  0
  -14.2431   10.0213   15.6499 C   0  0  2  0  0  0
  -15.3099    9.8508   14.5491 C   0  0  0  0  0  0
  -16.7456    9.5881   15.0498 C   0  0  0  0  0  0
  -10.9023   13.4394   15.3717 C   0  0  0  0  0  0
  -17.4425   10.8132   15.6680 C   0  0  0  0  0  0
  -10.7309   14.4610   14.2615 C   0  0  0  0  0  0
  -18.9144   10.5621   16.0144 C   0  0  0  0  0  0
  -12.0420   14.6970   13.4875 C   0  0  0  0  0  0
  -12.2442   13.7694   12.2717 C   0  0  0  0  0  0
  -19.5385   11.7596   16.7390 C   0  0  0  0  0  0
  -11.4659   14.2241   11.0309 C   0  0  0  0  0  0
  1  8  1  0  0  0
  2 10  2  0  0  0
  3 15  1  0  0  0
  4 25  1  0  0  0
  5 25  2  0  0  0
  6  7  1  0  0  0
  6  8  1  0  0  0
  6 12  1  0  0  0
  7 10  1  0  0  0
  7 11  1  0  0  0
  8  9  1  0  0  0
  9 10  1  0  0  0
 11 14  1  0  0  0
 12 13  2  0  0  0
 13 15  1  0  0  0
 14 18  2  0  0  0
 15 16  1  0  0  0
 16 17  1  0  0  0
 17 19  1  0  0  0
 18 20  1  0  0  0
 19 21  1  0  0  0
 20 22  1  0  0  0
 21 24  1  0  0  0
 22 23  1  0  0  0
 23 25  1  0  0  0
M  CHG  1   4  -1
M  END
POSE 5
P2E
                    3D
 
 25 25  0  0  1  0            999 V2000
   -9.3739    6.4270   15.3338 O   0  0  0  0  0  0
   -8.1829    9.5096   11.9391 O   0  0  0  0  0  0
  -14.4234   10.8017   15.6088 O   0  0  0  0  0  0
  -10.9814   15.4972   11.4302 O   0  5  0  0  0  0
  -11.3813   13.8970    9.9688 O   0  0  0  0  0  0
  -10.0567    8.7261   14.9144 C   0  0  2  0  0  0
   -9.7195    9.7672   13.8177 C   0  0  2  0  0  0
   -9.7340    7.3447   14.3198 C   0  0  1  0  0  0
   -8.5813    7.5646   13.3371 C   0  0  0  0  0  0
   -8.7441    9.0151   12.9174 C   0  0  0  0  0  0
   -9.1046   11.0884   14.3370 C   0  0  0  0  0  0
  -11.4647    8.7832   15.4936 C   0  0  0  0  0  0
  -12.5124    9.4875   15.0274 C   0  0  0  0  0  0
   -9.9302   11.7500   15.4293 C   0  0  0  0  0  0
  -13.8833    9.4999   15.6739 C   0  0  2  0  0  0
  -14.8557    8.5065   15.0109 C   0  0  0  0  0  0
  -14.4691    7.0385   15.2663 C   0  0  0  0  0  0
  -10.5439   12.9462   15.3999 C   0  0  0  0  0  0
  -15.4978    6.0310   14.7324 C   0  0  0  0  0  0
  -10.5690   13.9572   14.2682 C   0  0  0  0  0  0
  -15.1640    4.5911   15.1516 C   0  0  0  0  0  0
  -11.9687   14.0709   13.6327 C   0  0  0  0  0  0
  -12.0660   13.4850   12.2080 C   0  0  0  0  0  0
  -16.1815    3.5716   14.6304 C   0  0  0  0  0  0
  -11.4039   14.3580   11.1344 C   0  0  0  0  0  0
  1  8  1  0  0  0
  2 10  2  0  0  0
  3 15  1  0  0  0
  4 25  1  0  0  0
  5 25  2  0  0  0
  6  7  1  0  0  0
  6  8  1  0  0  0
  6 12  1  0  0  0
  7 10  1  0  0  0
  7 11  1  0  0  0
  8  9  1  0  0  0
  9 10  1  0  0  0
 11 14  1  0  0  0
 12 13  2  0  0  0
 13 15  1  0  0  0
 14 18  2  0  0  0
 15 16  1  0  0  0
 16 17  1  0  0  0
 17 19  1  0  0  0
 18 20  1  0  0  0
 19 21  1  0  0  0
 20 22  1  0  0  0
 21 24  1  0  0  0
 22 23  1  0  0  0
 23 25  1  0  0  0
M  CHG  1   4  -1
M  END
END
