PFRMAT LG
TARGET T1152
MODEL 1
LIGAND 001 NAG
POSE 1
NAG
                    3D
 
 43 45  0  0  1  0            999 V2000
   14.2178   22.3196   14.0800 C   0  0  1  0  0  0
   13.8453   23.3926   15.1263 C   0  0  1  0  0  0
   13.8084   22.7843   16.5544 C   0  0  2  0  0  0
   13.0204   21.4583   16.6149 C   0  0  1  0  0  0
   13.4439   20.5169   15.4682 C   0  0  1  0  0  0
   12.5375   19.2713   15.3950 C   0  0  0  0  0  0
   14.1971   25.8675   14.7523 C   0  0  0  0  0  0
   15.2611   26.9513   14.6246 C   0  0  0  0  0  0
   13.3876   21.1910   14.2041 O   0  0  0  0  0  0
   13.2809   23.7216   17.4701 O   0  0  0  0  0  0
   13.2699   20.7569   17.8364 O   0  0  0  0  0  0
   13.0943   18.2942   14.5434 O   0  0  0  0  0  0
   13.0127   26.1600   14.5962 O   0  0  0  0  0  0
   14.6413   24.6278   15.0195 N   0  0  0  0  0  0
   12.3099   20.8373   18.8499 C   0  0  1  0  0  0
   12.6143   19.6784   19.8218 C   0  0  1  0  0  0
   11.7698   19.8031   21.1124 C   0  0  2  0  0  0
   11.8517   21.2175   21.6920 C   0  0  1  0  0  0
   11.4858   22.2310   20.5847 C   0  0  1  0  0  0
   11.4905   23.7001   21.0429 C   0  0  0  0  0  0
   13.5010   17.4531   19.0760 C   0  0  0  0  0  0
   13.1560   16.1735   18.3295 C   0  0  0  0  0  0
   12.5169   18.3573   19.1868 N   0  0  0  0  0  0
   12.1577   18.8451   22.0748 O   0  0  0  0  0  0
   10.9654   21.3527   22.8042 O   0  0  0  0  0  0
   12.4114   22.0761   19.5052 O   0  0  0  0  0  0
   12.7049   24.0406   21.6706 O   0  0  0  0  0  0
   14.6327   17.6092   19.5297 O   0  0  0  0  0  0
   11.5616   21.6713   24.0293 C   0  0  1  0  0  0
   10.4612   22.1868   24.9664 C   0  0  1  0  0  0
   11.1008   22.5336   26.3359 C   0  0  2  0  0  0
   11.9726   21.3893   26.8939 C   0  0  1  0  0  0
   12.8856   20.8065   25.7859 C   0  0  1  0  0  0
   13.6189   19.5282   26.2386 C   0  0  0  0  0  0
    8.5328   23.1646   23.6780 C   0  0  0  0  0  0
    7.9894   24.4416   23.0501 C   0  0  0  0  0  0
    9.6751   23.2807   24.3748 N   0  0  0  0  0  0
   10.1178   22.9387   27.2712 O   0  0  0  0  0  0
   12.8666   21.8313   27.9198 O   0  0  0  0  0  0
   12.1587   20.5298   24.5842 O   0  0  0  0  0  0
   12.7039   18.5255   26.6174 O   0  0  0  0  0  0
    7.9310   22.1046   23.5204 O   0  0  0  0  0  0
   13.8848   22.7389   12.7756 O   0  0  0  0  0  0
  1  2  1  0  0  0
  1  9  1  0  0  0
  1 43  1  0  0  0
  2  3  1  0  0  0
  2 14  1  0  0  0
  3  4  1  0  0  0
  3 10  1  0  0  0
  4  5  1  0  0  0
  4 11  1  0  0  0
  5  6  1  0  0  0
  5  9  1  0  0  0
  6 12  1  0  0  0
  7  8  1  0  0  0
  7 13  2  0  0  0
  7 14  1  0  0  0
 11 15  1  0  0  0
 15 16  1  0  0  0
 15 26  1  0  0  0
 16 17  1  0  0  0
 16 23  1  0  0  0
 17 18  1  0  0  0
 17 24  1  0  0  0
 18 19  1  0  0  0
 18 25  1  0  0  0
 19 20  1  0  0  0
 19 26  1  0  0  0
 20 27  1  0  0  0
 21 22  1  0  0  0
 21 23  1  0  0  0
 21 28  2  0  0  0
 25 29  1  0  0  0
 29 30  1  0  0  0
 29 40  1  0  0  0
 30 31  1  0  0  0
 30 37  1  0  0  0
 31 32  1  0  0  0
 31 38  1  0  0  0
 32 33  1  0  0  0
 32 39  1  0  0  0
 33 34  1  0  0  0
 33 40  1  0  0  0
 34 41  1  0  0  0
 35 36  1  0  0  0
 35 37  1  0  0  0
 35 42  2  0  0  0
M  END
POSE 2
NAG
                    3D
 
 43 45  0  0  1  0            999 V2000
   14.2178   22.3196   14.0800 C   0  0  1  0  0  0
   13.8453   23.3926   15.1263 C   0  0  1  0  0  0
   13.8084   22.7843   16.5544 C   0  0  2  0  0  0
   13.0204   21.4583   16.6149 C   0  0  1  0  0  0
   13.4439   20.5169   15.4682 C   0  0  1  0  0  0
   12.5375   19.2713   15.3950 C   0  0  0  0  0  0
   14.1971   25.8675   14.7523 C   0  0  0  0  0  0
   15.2611   26.9513   14.6246 C   0  0  0  0  0  0
   13.3876   21.1910   14.2041 O   0  0  0  0  0  0
   13.2809   23.7216   17.4701 O   0  0  0  0  0  0
   13.2699   20.7569   17.8364 O   0  0  0  0  0  0
   13.0943   18.2942   14.5434 O   0  0  0  0  0  0
   13.0127   26.1600   14.5962 O   0  0  0  0  0  0
   14.6413   24.6278   15.0195 N   0  0  0  0  0  0
   12.3099   20.8373   18.8499 C   0  0  1  0  0  0
   12.6143   19.6784   19.8218 C   0  0  1  0  0  0
   11.7698   19.8031   21.1124 C   0  0  2  0  0  0
   11.8517   21.2175   21.6920 C   0  0  1  0  0  0
   11.4858   22.2310   20.5847 C   0  0  1  0  0  0
   11.4905   23.7001   21.0429 C   0  0  0  0  0  0
   13.5010   17.4531   19.0760 C   0  0  0  0  0  0
   13.1560   16.1735   18.3295 C   0  0  0  0  0  0
   12.5169   18.3573   19.1868 N   0  0  0  0  0  0
   12.1577   18.8451   22.0748 O   0  0  0  0  0  0
   10.9654   21.3527   22.8042 O   0  0  0  0  0  0
   12.4114   22.0761   19.5052 O   0  0  0  0  0  0
   12.7049   24.0406   21.6706 O   0  0  0  0  0  0
   14.6327   17.6092   19.5297 O   0  0  0  0  0  0
   11.5616   21.6713   24.0293 C   0  0  1  0  0  0
   10.4612   22.1868   24.9664 C   0  0  1  0  0  0
   11.1008   22.5336   26.3359 C   0  0  2  0  0  0
   11.9726   21.3893   26.8939 C   0  0  1  0  0  0
   12.8856   20.8065   25.7859 C   0  0  1  0  0  0
   13.6189   19.5282   26.2386 C   0  0  0  0  0  0
    8.5328   23.1646   23.6780 C   0  0  0  0  0  0
    7.9894   24.4416   23.0501 C   0  0  0  0  0  0
    9.6751   23.2807   24.3748 N   0  0  0  0  0  0
   10.1178   22.9387   27.2712 O   0  0  0  0  0  0
   12.8666   21.8313   27.9198 O   0  0  0  0  0  0
   12.1587   20.5298   24.5842 O   0  0  0  0  0  0
   12.7039   18.5255   26.6174 O   0  0  0  0  0  0
    7.9310   22.1046   23.5204 O   0  0  0  0  0  0
   13.8848   22.7389   12.7756 O   0  0  0  0  0  0
  1  2  1  0  0  0
  1  9  1  0  0  0
  1 43  1  0  0  0
  2  3  1  0  0  0
  2 14  1  0  0  0
  3  4  1  0  0  0
  3 10  1  0  0  0
  4  5  1  0  0  0
  4 11  1  0  0  0
  5  6  1  0  0  0
  5  9  1  0  0  0
  6 12  1  0  0  0
  7  8  1  0  0  0
  7 13  2  0  0  0
  7 14  1  0  0  0
 11 15  1  0  0  0
 15 16  1  0  0  0
 15 26  1  0  0  0
 16 17  1  0  0  0
 16 23  1  0  0  0
 17 18  1  0  0  0
 17 24  1  0  0  0
 18 19  1  0  0  0
 18 25  1  0  0  0
 19 20  1  0  0  0
 19 26  1  0  0  0
 20 27  1  0  0  0
 21 22  1  0  0  0
 21 23  1  0  0  0
 21 28  2  0  0  0
 25 29  1  0  0  0
 29 30  1  0  0  0
 29 40  1  0  0  0
 30 31  1  0  0  0
 30 37  1  0  0  0
 31 32  1  0  0  0
 31 38  1  0  0  0
 32 33  1  0  0  0
 32 39  1  0  0  0
 33 34  1  0  0  0
 33 40  1  0  0  0
 34 41  1  0  0  0
 35 36  1  0  0  0
 35 37  1  0  0  0
 35 42  2  0  0  0
M  END
POSE 3
NAG
                    3D
 
 43 45  0  0  1  0            999 V2000
   14.2178   22.3196   14.0800 C   0  0  1  0  0  0
   13.8453   23.3926   15.1263 C   0  0  1  0  0  0
   13.8084   22.7843   16.5544 C   0  0  2  0  0  0
   13.0204   21.4583   16.6149 C   0  0  1  0  0  0
   13.4439   20.5169   15.4682 C   0  0  1  0  0  0
   12.5375   19.2713   15.3950 C   0  0  0  0  0  0
   14.1971   25.8675   14.7523 C   0  0  0  0  0  0
   15.2611   26.9513   14.6246 C   0  0  0  0  0  0
   13.3876   21.1910   14.2041 O   0  0  0  0  0  0
   13.2809   23.7216   17.4701 O   0  0  0  0  0  0
   13.2699   20.7569   17.8364 O   0  0  0  0  0  0
   13.0943   18.2942   14.5434 O   0  0  0  0  0  0
   13.0127   26.1600   14.5962 O   0  0  0  0  0  0
   14.6413   24.6278   15.0195 N   0  0  0  0  0  0
   12.3099   20.8373   18.8499 C   0  0  1  0  0  0
   12.6143   19.6784   19.8218 C   0  0  1  0  0  0
   11.7698   19.8031   21.1124 C   0  0  2  0  0  0
   11.8517   21.2175   21.6920 C   0  0  1  0  0  0
   11.4858   22.2310   20.5847 C   0  0  1  0  0  0
   11.4905   23.7001   21.0429 C   0  0  0  0  0  0
   13.5010   17.4531   19.0760 C   0  0  0  0  0  0
   13.1560   16.1735   18.3295 C   0  0  0  0  0  0
   12.5169   18.3573   19.1868 N   0  0  0  0  0  0
   12.1577   18.8451   22.0748 O   0  0  0  0  0  0
   10.9654   21.3527   22.8042 O   0  0  0  0  0  0
   12.4114   22.0761   19.5052 O   0  0  0  0  0  0
   12.7049   24.0406   21.6706 O   0  0  0  0  0  0
   14.6327   17.6092   19.5297 O   0  0  0  0  0  0
   11.5616   21.6713   24.0293 C   0  0  1  0  0  0
   10.4612   22.1868   24.9664 C   0  0  1  0  0  0
   11.1008   22.5336   26.3359 C   0  0  2  0  0  0
   11.9726   21.3893   26.8939 C   0  0  1  0  0  0
   12.8856   20.8065   25.7859 C   0  0  1  0  0  0
   13.6189   19.5282   26.2386 C   0  0  0  0  0  0
    8.5328   23.1646   23.6780 C   0  0  0  0  0  0
    7.9894   24.4416   23.0501 C   0  0  0  0  0  0
    9.6751   23.2807   24.3748 N   0  0  0  0  0  0
   10.1178   22.9387   27.2712 O   0  0  0  0  0  0
   12.8666   21.8313   27.9198 O   0  0  0  0  0  0
   12.1587   20.5298   24.5842 O   0  0  0  0  0  0
   12.7039   18.5255   26.6174 O   0  0  0  0  0  0
    7.9310   22.1046   23.5204 O   0  0  0  0  0  0
   13.8848   22.7389   12.7756 O   0  0  0  0  0  0
  1  2  1  0  0  0
  1  9  1  0  0  0
  1 43  1  0  0  0
  2  3  1  0  0  0
  2 14  1  0  0  0
  3  4  1  0  0  0
  3 10  1  0  0  0
  4  5  1  0  0  0
  4 11  1  0  0  0
  5  6  1  0  0  0
  5  9  1  0  0  0
  6 12  1  0  0  0
  7  8  1  0  0  0
  7 13  2  0  0  0
  7 14  1  0  0  0
 11 15  1  0  0  0
 15 16  1  0  0  0
 15 26  1  0  0  0
 16 17  1  0  0  0
 16 23  1  0  0  0
 17 18  1  0  0  0
 17 24  1  0  0  0
 18 19  1  0  0  0
 18 25  1  0  0  0
 19 20  1  0  0  0
 19 26  1  0  0  0
 20 27  1  0  0  0
 21 22  1  0  0  0
 21 23  1  0  0  0
 21 28  2  0  0  0
 25 29  1  0  0  0
 29 30  1  0  0  0
 29 40  1  0  0  0
 30 31  1  0  0  0
 30 37  1  0  0  0
 31 32  1  0  0  0
 31 38  1  0  0  0
 32 33  1  0  0  0
 32 39  1  0  0  0
 33 34  1  0  0  0
 33 40  1  0  0  0
 34 41  1  0  0  0
 35 36  1  0  0  0
 35 37  1  0  0  0
 35 42  2  0  0  0
M  END
POSE 4
NAG
                    3D
 
 43 45  0  0  1  0            999 V2000
   14.2178   22.3196   14.0800 C   0  0  1  0  0  0
   13.8453   23.3926   15.1263 C   0  0  1  0  0  0
   13.8084   22.7843   16.5544 C   0  0  2  0  0  0
   13.0204   21.4583   16.6149 C   0  0  1  0  0  0
   13.4439   20.5169   15.4682 C   0  0  1  0  0  0
   12.5375   19.2713   15.3950 C   0  0  0  0  0  0
   14.1971   25.8675   14.7523 C   0  0  0  0  0  0
   15.2611   26.9513   14.6246 C   0  0  0  0  0  0
   13.3876   21.1910   14.2041 O   0  0  0  0  0  0
   13.2809   23.7216   17.4701 O   0  0  0  0  0  0
   13.2699   20.7569   17.8364 O   0  0  0  0  0  0
   13.0943   18.2942   14.5434 O   0  0  0  0  0  0
   13.0127   26.1600   14.5962 O   0  0  0  0  0  0
   14.6413   24.6278   15.0195 N   0  0  0  0  0  0
   12.3099   20.8373   18.8499 C   0  0  1  0  0  0
   12.6143   19.6784   19.8218 C   0  0  1  0  0  0
   11.7698   19.8031   21.1124 C   0  0  2  0  0  0
   11.8517   21.2175   21.6920 C   0  0  1  0  0  0
   11.4858   22.2310   20.5847 C   0  0  1  0  0  0
   11.4905   23.7001   21.0429 C   0  0  0  0  0  0
   13.5010   17.4531   19.0760 C   0  0  0  0  0  0
   13.1560   16.1735   18.3295 C   0  0  0  0  0  0
   12.5169   18.3573   19.1868 N   0  0  0  0  0  0
   12.1577   18.8451   22.0748 O   0  0  0  0  0  0
   10.9654   21.3527   22.8042 O   0  0  0  0  0  0
   12.4114   22.0761   19.5052 O   0  0  0  0  0  0
   12.7049   24.0406   21.6706 O   0  0  0  0  0  0
   14.6327   17.6092   19.5297 O   0  0  0  0  0  0
   11.5616   21.6713   24.0293 C   0  0  1  0  0  0
   10.4612   22.1868   24.9664 C   0  0  1  0  0  0
   11.1008   22.5336   26.3359 C   0  0  2  0  0  0
   11.9726   21.3893   26.8939 C   0  0  1  0  0  0
   12.8856   20.8065   25.7859 C   0  0  1  0  0  0
   13.6189   19.5282   26.2386 C   0  0  0  0  0  0
    8.5328   23.1646   23.6780 C   0  0  0  0  0  0
    7.9894   24.4416   23.0501 C   0  0  0  0  0  0
    9.6751   23.2807   24.3748 N   0  0  0  0  0  0
   10.1178   22.9387   27.2712 O   0  0  0  0  0  0
   12.8666   21.8313   27.9198 O   0  0  0  0  0  0
   12.1587   20.5298   24.5842 O   0  0  0  0  0  0
   12.7039   18.5255   26.6174 O   0  0  0  0  0  0
    7.9310   22.1046   23.5204 O   0  0  0  0  0  0
   13.8848   22.7389   12.7756 O   0  0  0  0  0  0
  1  2  1  0  0  0
  1  9  1  0  0  0
  1 43  1  0  0  0
  2  3  1  0  0  0
  2 14  1  0  0  0
  3  4  1  0  0  0
  3 10  1  0  0  0
  4  5  1  0  0  0
  4 11  1  0  0  0
  5  6  1  0  0  0
  5  9  1  0  0  0
  6 12  1  0  0  0
  7  8  1  0  0  0
  7 13  2  0  0  0
  7 14  1  0  0  0
 11 15  1  0  0  0
 15 16  1  0  0  0
 15 26  1  0  0  0
 16 17  1  0  0  0
 16 23  1  0  0  0
 17 18  1  0  0  0
 17 24  1  0  0  0
 18 19  1  0  0  0
 18 25  1  0  0  0
 19 20  1  0  0  0
 19 26  1  0  0  0
 20 27  1  0  0  0
 21 22  1  0  0  0
 21 23  1  0  0  0
 21 28  2  0  0  0
 25 29  1  0  0  0
 29 30  1  0  0  0
 29 40  1  0  0  0
 30 31  1  0  0  0
 30 37  1  0  0  0
 31 32  1  0  0  0
 31 38  1  0  0  0
 32 33  1  0  0  0
 32 39  1  0  0  0
 33 34  1  0  0  0
 33 40  1  0  0  0
 34 41  1  0  0  0
 35 36  1  0  0  0
 35 37  1  0  0  0
 35 42  2  0  0  0
M  END
POSE 5
NAG
                    3D
 
 43 45  0  0  1  0            999 V2000
   14.2178   22.3196   14.0800 C   0  0  1  0  0  0
   13.8453   23.3926   15.1263 C   0  0  1  0  0  0
   13.8084   22.7843   16.5544 C   0  0  2  0  0  0
   13.0204   21.4583   16.6149 C   0  0  1  0  0  0
   13.4439   20.5169   15.4682 C   0  0  1  0  0  0
   12.5375   19.2713   15.3950 C   0  0  0  0  0  0
   14.1971   25.8675   14.7523 C   0  0  0  0  0  0
   15.2611   26.9513   14.6246 C   0  0  0  0  0  0
   13.3876   21.1910   14.2041 O   0  0  0  0  0  0
   13.2809   23.7216   17.4701 O   0  0  0  0  0  0
   13.2699   20.7569   17.8364 O   0  0  0  0  0  0
   13.0943   18.2942   14.5434 O   0  0  0  0  0  0
   13.0127   26.1600   14.5962 O   0  0  0  0  0  0
   14.6413   24.6278   15.0195 N   0  0  0  0  0  0
   12.3099   20.8373   18.8499 C   0  0  1  0  0  0
   12.6143   19.6784   19.8218 C   0  0  1  0  0  0
   11.7698   19.8031   21.1124 C   0  0  2  0  0  0
   11.8517   21.2175   21.6920 C   0  0  1  0  0  0
   11.4858   22.2310   20.5847 C   0  0  1  0  0  0
   11.4905   23.7001   21.0429 C   0  0  0  0  0  0
   13.5010   17.4531   19.0760 C   0  0  0  0  0  0
   13.1560   16.1735   18.3295 C   0  0  0  0  0  0
   12.5169   18.3573   19.1868 N   0  0  0  0  0  0
   12.1577   18.8451   22.0748 O   0  0  0  0  0  0
   10.9654   21.3527   22.8042 O   0  0  0  0  0  0
   12.4114   22.0761   19.5052 O   0  0  0  0  0  0
   12.7049   24.0406   21.6706 O   0  0  0  0  0  0
   14.6327   17.6092   19.5297 O   0  0  0  0  0  0
   11.5616   21.6713   24.0293 C   0  0  1  0  0  0
   10.4612   22.1868   24.9664 C   0  0  1  0  0  0
   11.1008   22.5336   26.3359 C   0  0  2  0  0  0
   11.9726   21.3893   26.8939 C   0  0  1  0  0  0
   12.8856   20.8065   25.7859 C   0  0  1  0  0  0
   13.6189   19.5282   26.2386 C   0  0  0  0  0  0
    8.5328   23.1646   23.6780 C   0  0  0  0  0  0
    7.9894   24.4416   23.0501 C   0  0  0  0  0  0
    9.6751   23.2807   24.3748 N   0  0  0  0  0  0
   10.1178   22.9387   27.2712 O   0  0  0  0  0  0
   12.8666   21.8313   27.9198 O   0  0  0  0  0  0
   12.1587   20.5298   24.5842 O   0  0  0  0  0  0
   12.7039   18.5255   26.6174 O   0  0  0  0  0  0
    7.9310   22.1046   23.5204 O   0  0  0  0  0  0
   13.8848   22.7389   12.7756 O   0  0  0  0  0  0
  1  2  1  0  0  0
  1  9  1  0  0  0
  1 43  1  0  0  0
  2  3  1  0  0  0
  2 14  1  0  0  0
  3  4  1  0  0  0
  3 10  1  0  0  0
  4  5  1  0  0  0
  4 11  1  0  0  0
  5  6  1  0  0  0
  5  9  1  0  0  0
  6 12  1  0  0  0
  7  8  1  0  0  0
  7 13  2  0  0  0
  7 14  1  0  0  0
 11 15  1  0  0  0
 15 16  1  0  0  0
 15 26  1  0  0  0
 16 17  1  0  0  0
 16 23  1  0  0  0
 17 18  1  0  0  0
 17 24  1  0  0  0
 18 19  1  0  0  0
 18 25  1  0  0  0
 19 20  1  0  0  0
 19 26  1  0  0  0
 20 27  1  0  0  0
 21 22  1  0  0  0
 21 23  1  0  0  0
 21 28  2  0  0  0
 25 29  1  0  0  0
 29 30  1  0  0  0
 29 40  1  0  0  0
 30 31  1  0  0  0
 30 37  1  0  0  0
 31 32  1  0  0  0
 31 38  1  0  0  0
 32 33  1  0  0  0
 32 39  1  0  0  0
 33 34  1  0  0  0
 33 40  1  0  0  0
 34 41  1  0  0  0
 35 36  1  0  0  0
 35 37  1  0  0  0
 35 42  2  0  0  0
M  END
END
