PFRMAT LG
TARGET T1170
MODEL 1
LIGAND 001 ADP
POSE 1
ADP
                    3D
 
 27 29  0  0  1  0            999 V2000
   47.3305   63.3904  322.0679 P   0  0  0  0  0  0
   47.9232   63.3259  320.6771 O   0  0  0  0  0  0
   48.2875   63.8388  323.1398 O   0  5  0  0  0  0
   46.5428   62.1666  322.4745 O   0  5  0  0  0  0
   45.6105   65.1957  320.6323 P   0  0  0  0  0  0
   44.8477   64.0994  319.9256 O   0  0  0  0  0  0
   46.6795   65.9442  319.8879 O   0  5  0  0  0  0
   46.2458   64.6002  322.0032 O   0  0  0  0  0  0
   44.5631   66.3134  321.1425 O   0  0  0  0  0  0
   43.4082   65.9847  321.9080 C   0  0  0  0  0  0
   42.2531   66.9758  321.7195 C   0  0  1  0  0  0
   42.2598   67.9381  322.7810 O   0  0  0  0  0  0
   42.2547   67.7555  320.4059 C   0  0  1  0  0  0
   41.2458   67.2572  319.5221 O   0  0  0  0  0  0
   41.9933   69.1996  320.7808 C   0  0  1  0  0  0
   40.6661   69.5808  320.4005 O   0  0  0  0  0  0
   42.1211   69.2798  322.2892 C   0  0  2  0  0  0
   43.2872   70.0731  322.7771 N   0  0  0  0  0  0
   44.5441   69.6060  322.9283 C   0  0  0  0  0  0
   45.3614   70.5697  323.4336 N   0  0  0  0  0  0
   44.6199   71.6772  323.6267 C   0  0  0  0  0  0
   44.8503   73.0570  324.1336 C   0  0  0  0  0  0
   46.0727   73.4537  324.5505 N   0  0  0  0  0  0
   43.7989   73.9146  324.1633 N   0  0  0  0  0  0
   42.5627   73.5420  323.7561 C   0  0  0  0  0  0
   42.2885   72.3018  323.2869 N   0  0  0  0  0  0
   43.2511   71.3426  323.1978 C   0  0  0  0  0  0
  1  2  2  0
  1  3  1  0
  1  4  1  0
  1  8  1  0
  5  6  2  0
  5  7  1  0
  5  8  1  0
  5  9  1  0
  9 10  1  0
 10 11  1  0
 11 12  1  0
 11 13  1  0
 12 17  1  0
 13 14  1  0
 13 15  1  0
 15 16  1  0
 15 17  1  0
 17 18  1  0
 18 19  1  0
 18 27  1  0
 19 20  2  0
 20 21  1  0
 21 22  1  0
 21 27  2  0
 22 23  1  0
 22 24  2  0
 24 25  1  0
 25 26  2  0
 26 27  1  0
M  CHG  3   3  -1   4  -1   7  -1
M  END
POSE 2
ADP
                    3D
 
 27 29  0  0  1  0            999 V2000
   47.3305   63.3904  322.0679 P   0  0  0  0  0  0
   47.9232   63.3259  320.6771 O   0  0  0  0  0  0
   48.2875   63.8388  323.1398 O   0  5  0  0  0  0
   46.5428   62.1666  322.4745 O   0  5  0  0  0  0
   45.6105   65.1957  320.6323 P   0  0  0  0  0  0
   44.8477   64.0994  319.9256 O   0  0  0  0  0  0
   46.6795   65.9442  319.8879 O   0  5  0  0  0  0
   46.2458   64.6002  322.0032 O   0  0  0  0  0  0
   44.5631   66.3134  321.1425 O   0  0  0  0  0  0
   43.4082   65.9847  321.9080 C   0  0  0  0  0  0
   42.2531   66.9758  321.7195 C   0  0  1  0  0  0
   42.2598   67.9381  322.7810 O   0  0  0  0  0  0
   42.2547   67.7555  320.4059 C   0  0  1  0  0  0
   41.2458   67.2572  319.5221 O   0  0  0  0  0  0
   41.9933   69.1996  320.7808 C   0  0  1  0  0  0
   40.6661   69.5808  320.4005 O   0  0  0  0  0  0
   42.1211   69.2798  322.2892 C   0  0  2  0  0  0
   43.2872   70.0731  322.7771 N   0  0  0  0  0  0
   44.5441   69.6060  322.9283 C   0  0  0  0  0  0
   45.3614   70.5697  323.4336 N   0  0  0  0  0  0
   44.6199   71.6772  323.6267 C   0  0  0  0  0  0
   44.8503   73.0570  324.1336 C   0  0  0  0  0  0
   46.0727   73.4537  324.5505 N   0  0  0  0  0  0
   43.7989   73.9146  324.1633 N   0  0  0  0  0  0
   42.5627   73.5420  323.7561 C   0  0  0  0  0  0
   42.2885   72.3018  323.2869 N   0  0  0  0  0  0
   43.2511   71.3426  323.1978 C   0  0  0  0  0  0
  1  2  2  0
  1  3  1  0
  1  4  1  0
  1  8  1  0
  5  6  2  0
  5  7  1  0
  5  8  1  0
  5  9  1  0
  9 10  1  0
 10 11  1  0
 11 12  1  0
 11 13  1  0
 12 17  1  0
 13 14  1  0
 13 15  1  0
 15 16  1  0
 15 17  1  0
 17 18  1  0
 18 19  1  0
 18 27  1  0
 19 20  2  0
 20 21  1  0
 21 22  1  0
 21 27  2  0
 22 23  1  0
 22 24  2  0
 24 25  1  0
 25 26  2  0
 26 27  1  0
M  CHG  3   3  -1   4  -1   7  -1
M  END
POSE 3
ADP
                    3D
 
 27 29  0  0  1  0            999 V2000
   47.3305   63.3904  322.0679 P   0  0  0  0  0  0
   47.9232   63.3259  320.6771 O   0  0  0  0  0  0
   48.2875   63.8388  323.1398 O   0  5  0  0  0  0
   46.5428   62.1666  322.4745 O   0  5  0  0  0  0
   45.6105   65.1957  320.6323 P   0  0  0  0  0  0
   44.8477   64.0994  319.9256 O   0  0  0  0  0  0
   46.6795   65.9442  319.8879 O   0  5  0  0  0  0
   46.2458   64.6002  322.0032 O   0  0  0  0  0  0
   44.5631   66.3134  321.1425 O   0  0  0  0  0  0
   43.4082   65.9847  321.9080 C   0  0  0  0  0  0
   42.2531   66.9758  321.7195 C   0  0  1  0  0  0
   42.2598   67.9381  322.7810 O   0  0  0  0  0  0
   42.2547   67.7555  320.4059 C   0  0  1  0  0  0
   41.2458   67.2572  319.5221 O   0  0  0  0  0  0
   41.9933   69.1996  320.7808 C   0  0  1  0  0  0
   40.6661   69.5808  320.4005 O   0  0  0  0  0  0
   42.1211   69.2798  322.2892 C   0  0  2  0  0  0
   43.2872   70.0731  322.7771 N   0  0  0  0  0  0
   44.5441   69.6060  322.9283 C   0  0  0  0  0  0
   45.3614   70.5697  323.4336 N   0  0  0  0  0  0
   44.6199   71.6772  323.6267 C   0  0  0  0  0  0
   44.8503   73.0570  324.1336 C   0  0  0  0  0  0
   46.0727   73.4537  324.5505 N   0  0  0  0  0  0
   43.7989   73.9146  324.1633 N   0  0  0  0  0  0
   42.5627   73.5420  323.7561 C   0  0  0  0  0  0
   42.2885   72.3018  323.2869 N   0  0  0  0  0  0
   43.2511   71.3426  323.1978 C   0  0  0  0  0  0
  1  2  2  0
  1  3  1  0
  1  4  1  0
  1  8  1  0
  5  6  2  0
  5  7  1  0
  5  8  1  0
  5  9  1  0
  9 10  1  0
 10 11  1  0
 11 12  1  0
 11 13  1  0
 12 17  1  0
 13 14  1  0
 13 15  1  0
 15 16  1  0
 15 17  1  0
 17 18  1  0
 18 19  1  0
 18 27  1  0
 19 20  2  0
 20 21  1  0
 21 22  1  0
 21 27  2  0
 22 23  1  0
 22 24  2  0
 24 25  1  0
 25 26  2  0
 26 27  1  0
M  CHG  3   3  -1   4  -1   7  -1
M  END
POSE 4
ADP
                    3D
 
 27 29  0  0  1  0            999 V2000
   47.3305   63.3904  322.0679 P   0  0  0  0  0  0
   47.9232   63.3259  320.6771 O   0  0  0  0  0  0
   48.2875   63.8388  323.1398 O   0  5  0  0  0  0
   46.5428   62.1666  322.4745 O   0  5  0  0  0  0
   45.6105   65.1957  320.6323 P   0  0  0  0  0  0
   44.8477   64.0994  319.9256 O   0  0  0  0  0  0
   46.6795   65.9442  319.8879 O   0  5  0  0  0  0
   46.2458   64.6002  322.0032 O   0  0  0  0  0  0
   44.5631   66.3134  321.1425 O   0  0  0  0  0  0
   43.4082   65.9847  321.9080 C   0  0  0  0  0  0
   42.2531   66.9758  321.7195 C   0  0  1  0  0  0
   42.2598   67.9381  322.7810 O   0  0  0  0  0  0
   42.2547   67.7555  320.4059 C   0  0  1  0  0  0
   41.2458   67.2572  319.5221 O   0  0  0  0  0  0
   41.9933   69.1996  320.7808 C   0  0  1  0  0  0
   40.6661   69.5808  320.4005 O   0  0  0  0  0  0
   42.1211   69.2798  322.2892 C   0  0  2  0  0  0
   43.2872   70.0731  322.7771 N   0  0  0  0  0  0
   44.5441   69.6060  322.9283 C   0  0  0  0  0  0
   45.3614   70.5697  323.4336 N   0  0  0  0  0  0
   44.6199   71.6772  323.6267 C   0  0  0  0  0  0
   44.8503   73.0570  324.1336 C   0  0  0  0  0  0
   46.0727   73.4537  324.5505 N   0  0  0  0  0  0
   43.7989   73.9146  324.1633 N   0  0  0  0  0  0
   42.5627   73.5420  323.7561 C   0  0  0  0  0  0
   42.2885   72.3018  323.2869 N   0  0  0  0  0  0
   43.2511   71.3426  323.1978 C   0  0  0  0  0  0
  1  2  2  0
  1  3  1  0
  1  4  1  0
  1  8  1  0
  5  6  2  0
  5  7  1  0
  5  8  1  0
  5  9  1  0
  9 10  1  0
 10 11  1  0
 11 12  1  0
 11 13  1  0
 12 17  1  0
 13 14  1  0
 13 15  1  0
 15 16  1  0
 15 17  1  0
 17 18  1  0
 18 19  1  0
 18 27  1  0
 19 20  2  0
 20 21  1  0
 21 22  1  0
 21 27  2  0
 22 23  1  0
 22 24  2  0
 24 25  1  0
 25 26  2  0
 26 27  1  0
M  CHG  3   3  -1   4  -1   7  -1
M  END
POSE 5
ADP
                    3D
 
 27 29  0  0  1  0            999 V2000
   47.3305   63.3904  322.0679 P   0  0  0  0  0  0
   47.9232   63.3259  320.6771 O   0  0  0  0  0  0
   48.2875   63.8388  323.1398 O   0  5  0  0  0  0
   46.5428   62.1666  322.4745 O   0  5  0  0  0  0
   45.6105   65.1957  320.6323 P   0  0  0  0  0  0
   44.8477   64.0994  319.9256 O   0  0  0  0  0  0
   46.6795   65.9442  319.8879 O   0  5  0  0  0  0
   46.2458   64.6002  322.0032 O   0  0  0  0  0  0
   44.5631   66.3134  321.1425 O   0  0  0  0  0  0
   43.4082   65.9847  321.9080 C   0  0  0  0  0  0
   42.2531   66.9758  321.7195 C   0  0  1  0  0  0
   42.2598   67.9381  322.7810 O   0  0  0  0  0  0
   42.2547   67.7555  320.4059 C   0  0  1  0  0  0
   41.2458   67.2572  319.5221 O   0  0  0  0  0  0
   41.9933   69.1996  320.7808 C   0  0  1  0  0  0
   40.6661   69.5808  320.4005 O   0  0  0  0  0  0
   42.1211   69.2798  322.2892 C   0  0  2  0  0  0
   43.2872   70.0731  322.7771 N   0  0  0  0  0  0
   44.5441   69.6060  322.9283 C   0  0  0  0  0  0
   45.3614   70.5697  323.4336 N   0  0  0  0  0  0
   44.6199   71.6772  323.6267 C   0  0  0  0  0  0
   44.8503   73.0570  324.1336 C   0  0  0  0  0  0
   46.0727   73.4537  324.5505 N   0  0  0  0  0  0
   43.7989   73.9146  324.1633 N   0  0  0  0  0  0
   42.5627   73.5420  323.7561 C   0  0  0  0  0  0
   42.2885   72.3018  323.2869 N   0  0  0  0  0  0
   43.2511   71.3426  323.1978 C   0  0  0  0  0  0
  1  2  2  0
  1  3  1  0
  1  4  1  0
  1  8  1  0
  5  6  2  0
  5  7  1  0
  5  8  1  0
  5  9  1  0
  9 10  1  0
 10 11  1  0
 11 12  1  0
 11 13  1  0
 12 17  1  0
 13 14  1  0
 13 15  1  0
 15 16  1  0
 15 17  1  0
 17 18  1  0
 18 19  1  0
 18 27  1  0
 19 20  2  0
 20 21  1  0
 21 22  1  0
 21 27  2  0
 22 23  1  0
 22 24  2  0
 24 25  1  0
 25 26  2  0
 26 27  1  0
M  CHG  3   3  -1   4  -1   7  -1
M  END
LIGAND 002 ADP
POSE 1
ADP
                    3D
 
 27 29  0  0  1  0            999 V2000
   86.9844   23.8664  322.0678 P   0  0  0  0  0  0
   86.6319   23.3851  320.6772 O   0  0  0  0  0  0
   86.8933   22.8138  323.1401 O   0  5  0  0  0  0
   86.3193   25.1611  322.4739 O   0  5  0  0  0  0
   89.4083   24.4510  320.6322 P   0  0  0  0  0  0
   88.8413   25.6598  319.9250 O   0  0  0  0  0  0
   89.5211   23.1505  319.8883 O   0  5  0  0  0  0
   88.5747   24.1996  322.0031 O   0  0  0  0  0  0
   90.9003   24.7982  321.1423 O   0  0  0  0  0  0
   91.1939   25.9628  321.9074 C   0  0  0  0  0  0
   92.6301   26.4665  321.7188 C   0  0  1  0  0  0
   93.4597   25.9793  322.7805 O   0  0  0  0  0  0
   93.3043   26.0742  320.4053 C   0  0  1  0  0  0
   93.3781   27.1968  319.5211 O   0  0  0  0  0  0
   94.6852   25.5777  320.7805 C   0  0  1  0  0  0
   95.6798   26.5356  320.4000 O   0  0  0  0  0  0
   94.6906   25.4275  322.2890 C   0  0  2  0  0  0
   94.7934   24.0210  322.7774 N   0  0  0  0  0  0
   93.7598   23.1669  322.9290 C   0  0  0  0  0  0
   94.1849   21.9771  323.4347 N   0  0  0  0  0  0
   95.5148   22.0647  323.6278 C   0  0  0  0  0  0
   96.5939   21.1745  324.1352 C   0  0  0  0  0  0
   96.3252   19.9179  324.5525 N   0  0  0  0  0  0
   97.8626   21.6554  324.1647 N   0  0  0  0  0  0
   98.1590   22.9119  323.7571 C   0  0  0  0  0  0
   97.2227   23.7700  323.2875 N   0  0  0  0  0  0
   95.9105   23.4168  323.1985 C   0  0  0  0  0  0
  1  2  2  0
  1  3  1  0
  1  4  1  0
  1  8  1  0
  5  6  2  0
  5  7  1  0
  5  8  1  0
  5  9  1  0
  9 10  1  0
 10 11  1  0
 11 12  1  0
 11 13  1  0
 12 17  1  0
 13 14  1  0
 13 15  1  0
 15 16  1  0
 15 17  1  0
 17 18  1  0
 18 19  1  0
 18 27  1  0
 19 20  2  0
 20 21  1  0
 21 22  1  0
 21 27  2  0
 22 23  1  0
 22 24  2  0
 24 25  1  0
 25 26  2  0
 26 27  1  0
M  CHG  3   3  -1   4  -1   7  -1
M  END
POSE 2
ADP
                    3D
 
 27 29  0  0  1  0            999 V2000
   86.9844   23.8664  322.0678 P   0  0  0  0  0  0
   86.6319   23.3851  320.6772 O   0  0  0  0  0  0
   86.8933   22.8138  323.1401 O   0  5  0  0  0  0
   86.3193   25.1611  322.4739 O   0  5  0  0  0  0
   89.4083   24.4510  320.6322 P   0  0  0  0  0  0
   88.8413   25.6598  319.9250 O   0  0  0  0  0  0
   89.5211   23.1505  319.8883 O   0  5  0  0  0  0
   88.5747   24.1996  322.0031 O   0  0  0  0  0  0
   90.9003   24.7982  321.1423 O   0  0  0  0  0  0
   91.1939   25.9628  321.9074 C   0  0  0  0  0  0
   92.6301   26.4665  321.7188 C   0  0  1  0  0  0
   93.4597   25.9793  322.7805 O   0  0  0  0  0  0
   93.3043   26.0742  320.4053 C   0  0  1  0  0  0
   93.3781   27.1968  319.5211 O   0  0  0  0  0  0
   94.6852   25.5777  320.7805 C   0  0  1  0  0  0
   95.6798   26.5356  320.4000 O   0  0  0  0  0  0
   94.6906   25.4275  322.2890 C   0  0  2  0  0  0
   94.7934   24.0210  322.7774 N   0  0  0  0  0  0
   93.7598   23.1669  322.9290 C   0  0  0  0  0  0
   94.1849   21.9771  323.4347 N   0  0  0  0  0  0
   95.5148   22.0647  323.6278 C   0  0  0  0  0  0
   96.5939   21.1745  324.1352 C   0  0  0  0  0  0
   96.3252   19.9179  324.5525 N   0  0  0  0  0  0
   97.8626   21.6554  324.1647 N   0  0  0  0  0  0
   98.1590   22.9119  323.7571 C   0  0  0  0  0  0
   97.2227   23.7700  323.2875 N   0  0  0  0  0  0
   95.9105   23.4168  323.1985 C   0  0  0  0  0  0
  1  2  2  0
  1  3  1  0
  1  4  1  0
  1  8  1  0
  5  6  2  0
  5  7  1  0
  5  8  1  0
  5  9  1  0
  9 10  1  0
 10 11  1  0
 11 12  1  0
 11 13  1  0
 12 17  1  0
 13 14  1  0
 13 15  1  0
 15 16  1  0
 15 17  1  0
 17 18  1  0
 18 19  1  0
 18 27  1  0
 19 20  2  0
 20 21  1  0
 21 22  1  0
 21 27  2  0
 22 23  1  0
 22 24  2  0
 24 25  1  0
 25 26  2  0
 26 27  1  0
M  CHG  3   3  -1   4  -1   7  -1
M  END
POSE 3
ADP
                    3D
 
 27 29  0  0  1  0            999 V2000
   86.9844   23.8664  322.0678 P   0  0  0  0  0  0
   86.6319   23.3851  320.6772 O   0  0  0  0  0  0
   86.8933   22.8138  323.1401 O   0  5  0  0  0  0
   86.3193   25.1611  322.4739 O   0  5  0  0  0  0
   89.4083   24.4510  320.6322 P   0  0  0  0  0  0
   88.8413   25.6598  319.9250 O   0  0  0  0  0  0
   89.5211   23.1505  319.8883 O   0  5  0  0  0  0
   88.5747   24.1996  322.0031 O   0  0  0  0  0  0
   90.9003   24.7982  321.1423 O   0  0  0  0  0  0
   91.1939   25.9628  321.9074 C   0  0  0  0  0  0
   92.6301   26.4665  321.7188 C   0  0  1  0  0  0
   93.4597   25.9793  322.7805 O   0  0  0  0  0  0
   93.3043   26.0742  320.4053 C   0  0  1  0  0  0
   93.3781   27.1968  319.5211 O   0  0  0  0  0  0
   94.6852   25.5777  320.7805 C   0  0  1  0  0  0
   95.6798   26.5356  320.4000 O   0  0  0  0  0  0
   94.6906   25.4275  322.2890 C   0  0  2  0  0  0
   94.7934   24.0210  322.7774 N   0  0  0  0  0  0
   93.7598   23.1669  322.9290 C   0  0  0  0  0  0
   94.1849   21.9771  323.4347 N   0  0  0  0  0  0
   95.5148   22.0647  323.6278 C   0  0  0  0  0  0
   96.5939   21.1745  324.1352 C   0  0  0  0  0  0
   96.3252   19.9179  324.5525 N   0  0  0  0  0  0
   97.8626   21.6554  324.1647 N   0  0  0  0  0  0
   98.1590   22.9119  323.7571 C   0  0  0  0  0  0
   97.2227   23.7700  323.2875 N   0  0  0  0  0  0
   95.9105   23.4168  323.1985 C   0  0  0  0  0  0
  1  2  2  0
  1  3  1  0
  1  4  1  0
  1  8  1  0
  5  6  2  0
  5  7  1  0
  5  8  1  0
  5  9  1  0
  9 10  1  0
 10 11  1  0
 11 12  1  0
 11 13  1  0
 12 17  1  0
 13 14  1  0
 13 15  1  0
 15 16  1  0
 15 17  1  0
 17 18  1  0
 18 19  1  0
 18 27  1  0
 19 20  2  0
 20 21  1  0
 21 22  1  0
 21 27  2  0
 22 23  1  0
 22 24  2  0
 24 25  1  0
 25 26  2  0
 26 27  1  0
M  CHG  3   3  -1   4  -1   7  -1
M  END
POSE 4
ADP
                    3D
 
 27 29  0  0  1  0            999 V2000
   86.9844   23.8664  322.0678 P   0  0  0  0  0  0
   86.6319   23.3851  320.6772 O   0  0  0  0  0  0
   86.8933   22.8138  323.1401 O   0  5  0  0  0  0
   86.3193   25.1611  322.4739 O   0  5  0  0  0  0
   89.4083   24.4510  320.6322 P   0  0  0  0  0  0
   88.8413   25.6598  319.9250 O   0  0  0  0  0  0
   89.5211   23.1505  319.8883 O   0  5  0  0  0  0
   88.5747   24.1996  322.0031 O   0  0  0  0  0  0
   90.9003   24.7982  321.1423 O   0  0  0  0  0  0
   91.1939   25.9628  321.9074 C   0  0  0  0  0  0
   92.6301   26.4665  321.7188 C   0  0  1  0  0  0
   93.4597   25.9793  322.7805 O   0  0  0  0  0  0
   93.3043   26.0742  320.4053 C   0  0  1  0  0  0
   93.3781   27.1968  319.5211 O   0  0  0  0  0  0
   94.6852   25.5777  320.7805 C   0  0  1  0  0  0
   95.6798   26.5356  320.4000 O   0  0  0  0  0  0
   94.6906   25.4275  322.2890 C   0  0  2  0  0  0
   94.7934   24.0210  322.7774 N   0  0  0  0  0  0
   93.7598   23.1669  322.9290 C   0  0  0  0  0  0
   94.1849   21.9771  323.4347 N   0  0  0  0  0  0
   95.5148   22.0647  323.6278 C   0  0  0  0  0  0
   96.5939   21.1745  324.1352 C   0  0  0  0  0  0
   96.3252   19.9179  324.5525 N   0  0  0  0  0  0
   97.8626   21.6554  324.1647 N   0  0  0  0  0  0
   98.1590   22.9119  323.7571 C   0  0  0  0  0  0
   97.2227   23.7700  323.2875 N   0  0  0  0  0  0
   95.9105   23.4168  323.1985 C   0  0  0  0  0  0
  1  2  2  0
  1  3  1  0
  1  4  1  0
  1  8  1  0
  5  6  2  0
  5  7  1  0
  5  8  1  0
  5  9  1  0
  9 10  1  0
 10 11  1  0
 11 12  1  0
 11 13  1  0
 12 17  1  0
 13 14  1  0
 13 15  1  0
 15 16  1  0
 15 17  1  0
 17 18  1  0
 18 19  1  0
 18 27  1  0
 19 20  2  0
 20 21  1  0
 21 22  1  0
 21 27  2  0
 22 23  1  0
 22 24  2  0
 24 25  1  0
 25 26  2  0
 26 27  1  0
M  CHG  3   3  -1   4  -1   7  -1
M  END
POSE 5
ADP
                    3D
 
 27 29  0  0  1  0            999 V2000
   86.9844   23.8664  322.0678 P   0  0  0  0  0  0
   86.6319   23.3851  320.6772 O   0  0  0  0  0  0
   86.8933   22.8138  323.1401 O   0  5  0  0  0  0
   86.3193   25.1611  322.4739 O   0  5  0  0  0  0
   89.4083   24.4510  320.6322 P   0  0  0  0  0  0
   88.8413   25.6598  319.9250 O   0  0  0  0  0  0
   89.5211   23.1505  319.8883 O   0  5  0  0  0  0
   88.5747   24.1996  322.0031 O   0  0  0  0  0  0
   90.9003   24.7982  321.1423 O   0  0  0  0  0  0
   91.1939   25.9628  321.9074 C   0  0  0  0  0  0
   92.6301   26.4665  321.7188 C   0  0  1  0  0  0
   93.4597   25.9793  322.7805 O   0  0  0  0  0  0
   93.3043   26.0742  320.4053 C   0  0  1  0  0  0
   93.3781   27.1968  319.5211 O   0  0  0  0  0  0
   94.6852   25.5777  320.7805 C   0  0  1  0  0  0
   95.6798   26.5356  320.4000 O   0  0  0  0  0  0
   94.6906   25.4275  322.2890 C   0  0  2  0  0  0
   94.7934   24.0210  322.7774 N   0  0  0  0  0  0
   93.7598   23.1669  322.9290 C   0  0  0  0  0  0
   94.1849   21.9771  323.4347 N   0  0  0  0  0  0
   95.5148   22.0647  323.6278 C   0  0  0  0  0  0
   96.5939   21.1745  324.1352 C   0  0  0  0  0  0
   96.3252   19.9179  324.5525 N   0  0  0  0  0  0
   97.8626   21.6554  324.1647 N   0  0  0  0  0  0
   98.1590   22.9119  323.7571 C   0  0  0  0  0  0
   97.2227   23.7700  323.2875 N   0  0  0  0  0  0
   95.9105   23.4168  323.1985 C   0  0  0  0  0  0
  1  2  2  0
  1  3  1  0
  1  4  1  0
  1  8  1  0
  5  6  2  0
  5  7  1  0
  5  8  1  0
  5  9  1  0
  9 10  1  0
 10 11  1  0
 11 12  1  0
 11 13  1  0
 12 17  1  0
 13 14  1  0
 13 15  1  0
 15 16  1  0
 15 17  1  0
 17 18  1  0
 18 19  1  0
 18 27  1  0
 19 20  2  0
 20 21  1  0
 21 22  1  0
 21 27  2  0
 22 23  1  0
 22 24  2  0
 24 25  1  0
 25 26  2  0
 26 27  1  0
M  CHG  3   3  -1   4  -1   7  -1
M  END
LIGAND 003 ADP
POSE 1
ADP
                    3D
 
 27 29  0  0  1  0            999 V2000
   33.3632    9.0860  322.0706 P   0  0  0  0  0  0
   33.1235    9.6324  320.6799 O   0  0  0  0  0  0
   32.4969    9.6911  323.1425 O   0  5  0  0  0  0
   34.8168    9.0140  322.4773 O   0  5  0  0  0  0
   32.6575    6.6951  320.6339 P   0  0  0  0  0  0
   33.9882    6.5815  319.9274 O   0  0  0  0  0  0
   31.4754    7.2482  319.8896 O   0  5  0  0  0  0
   32.8562    7.5423  322.0051 O   0  0  0  0  0  0
   32.2115    5.2294  321.1434 O   0  0  0  0  0  0
   33.0725    4.3924  321.9088 C   0  0  0  0  0  0
   32.7902    2.8968  321.7197 C   0  0  1  0  0  0
   31.9528    2.4220  322.7808 O   0  0  0  0  0  0
   32.1139    2.5097  320.4057 C   0  0  1  0  0  0
   33.0495    1.8844  319.5219 O   0  0  0  0  0  0
   30.9930    1.5623  320.7801 C   0  0  1  0  0  0
   31.3251    0.2221  320.3994 O   0  0  0  0  0  0
   30.8595    1.6325  322.2886 C   0  0  2  0  0  0
   29.5899    2.2469  322.7764 N   0  0  0  0  0  0
   29.3675    3.5691  322.9282 C   0  0  0  0  0  0
   28.1243    3.7962  323.4334 N   0  0  0  0  0  0
   27.5347    2.6008  323.6258 C   0  0  0  0  0  0
   26.2239    2.1117  324.1324 C   0  0  0  0  0  0
   25.2700    2.9729  324.5494 N   0  0  0  0  0  0
   26.0055    0.7726  324.1615 N   0  0  0  0  0  0
   26.9454   -0.1125  323.7541 C   0  0  0  0  0  0
   28.1570    0.2689  323.2852 N   0  0  0  0  0  0
   28.5078    1.5819  323.1968 C   0  0  0  0  0  0
  1  2  2  0
  1  3  1  0
  1  4  1  0
  1  8  1  0
  5  6  2  0
  5  7  1  0
  5  8  1  0
  5  9  1  0
  9 10  1  0
 10 11  1  0
 11 12  1  0
 11 13  1  0
 12 17  1  0
 13 14  1  0
 13 15  1  0
 15 16  1  0
 15 17  1  0
 17 18  1  0
 18 19  1  0
 18 27  1  0
 19 20  2  0
 20 21  1  0
 21 22  1  0
 21 27  2  0
 22 23  1  0
 22 24  2  0
 24 25  1  0
 25 26  2  0
 26 27  1  0
M  CHG  3   3  -1   4  -1   7  -1
M  END
POSE 2
ADP
                    3D
 
 27 29  0  0  1  0            999 V2000
   33.3632    9.0860  322.0706 P   0  0  0  0  0  0
   33.1235    9.6324  320.6799 O   0  0  0  0  0  0
   32.4969    9.6911  323.1425 O   0  5  0  0  0  0
   34.8168    9.0140  322.4773 O   0  5  0  0  0  0
   32.6575    6.6951  320.6339 P   0  0  0  0  0  0
   33.9882    6.5815  319.9274 O   0  0  0  0  0  0
   31.4754    7.2482  319.8896 O   0  5  0  0  0  0
   32.8562    7.5423  322.0051 O   0  0  0  0  0  0
   32.2115    5.2294  321.1434 O   0  0  0  0  0  0
   33.0725    4.3924  321.9088 C   0  0  0  0  0  0
   32.7902    2.8968  321.7197 C   0  0  1  0  0  0
   31.9528    2.4220  322.7808 O   0  0  0  0  0  0
   32.1139    2.5097  320.4057 C   0  0  1  0  0  0
   33.0495    1.8844  319.5219 O   0  0  0  0  0  0
   30.9930    1.5623  320.7801 C   0  0  1  0  0  0
   31.3251    0.2221  320.3994 O   0  0  0  0  0  0
   30.8595    1.6325  322.2886 C   0  0  2  0  0  0
   29.5899    2.2469  322.7764 N   0  0  0  0  0  0
   29.3675    3.5691  322.9282 C   0  0  0  0  0  0
   28.1243    3.7962  323.4334 N   0  0  0  0  0  0
   27.5347    2.6008  323.6258 C   0  0  0  0  0  0
   26.2239    2.1117  324.1324 C   0  0  0  0  0  0
   25.2700    2.9729  324.5494 N   0  0  0  0  0  0
   26.0055    0.7726  324.1615 N   0  0  0  0  0  0
   26.9454   -0.1125  323.7541 C   0  0  0  0  0  0
   28.1570    0.2689  323.2852 N   0  0  0  0  0  0
   28.5078    1.5819  323.1968 C   0  0  0  0  0  0
  1  2  2  0
  1  3  1  0
  1  4  1  0
  1  8  1  0
  5  6  2  0
  5  7  1  0
  5  8  1  0
  5  9  1  0
  9 10  1  0
 10 11  1  0
 11 12  1  0
 11 13  1  0
 12 17  1  0
 13 14  1  0
 13 15  1  0
 15 16  1  0
 15 17  1  0
 17 18  1  0
 18 19  1  0
 18 27  1  0
 19 20  2  0
 20 21  1  0
 21 22  1  0
 21 27  2  0
 22 23  1  0
 22 24  2  0
 24 25  1  0
 25 26  2  0
 26 27  1  0
M  CHG  3   3  -1   4  -1   7  -1
M  END
POSE 3
ADP
                    3D
 
 27 29  0  0  1  0            999 V2000
   33.3632    9.0860  322.0706 P   0  0  0  0  0  0
   33.1235    9.6324  320.6799 O   0  0  0  0  0  0
   32.4969    9.6911  323.1425 O   0  5  0  0  0  0
   34.8168    9.0140  322.4773 O   0  5  0  0  0  0
   32.6575    6.6951  320.6339 P   0  0  0  0  0  0
   33.9882    6.5815  319.9274 O   0  0  0  0  0  0
   31.4754    7.2482  319.8896 O   0  5  0  0  0  0
   32.8562    7.5423  322.0051 O   0  0  0  0  0  0
   32.2115    5.2294  321.1434 O   0  0  0  0  0  0
   33.0725    4.3924  321.9088 C   0  0  0  0  0  0
   32.7902    2.8968  321.7197 C   0  0  1  0  0  0
   31.9528    2.4220  322.7808 O   0  0  0  0  0  0
   32.1139    2.5097  320.4057 C   0  0  1  0  0  0
   33.0495    1.8844  319.5219 O   0  0  0  0  0  0
   30.9930    1.5623  320.7801 C   0  0  1  0  0  0
   31.3251    0.2221  320.3994 O   0  0  0  0  0  0
   30.8595    1.6325  322.2886 C   0  0  2  0  0  0
   29.5899    2.2469  322.7764 N   0  0  0  0  0  0
   29.3675    3.5691  322.9282 C   0  0  0  0  0  0
   28.1243    3.7962  323.4334 N   0  0  0  0  0  0
   27.5347    2.6008  323.6258 C   0  0  0  0  0  0
   26.2239    2.1117  324.1324 C   0  0  0  0  0  0
   25.2700    2.9729  324.5494 N   0  0  0  0  0  0
   26.0055    0.7726  324.1615 N   0  0  0  0  0  0
   26.9454   -0.1125  323.7541 C   0  0  0  0  0  0
   28.1570    0.2689  323.2852 N   0  0  0  0  0  0
   28.5078    1.5819  323.1968 C   0  0  0  0  0  0
  1  2  2  0
  1  3  1  0
  1  4  1  0
  1  8  1  0
  5  6  2  0
  5  7  1  0
  5  8  1  0
  5  9  1  0
  9 10  1  0
 10 11  1  0
 11 12  1  0
 11 13  1  0
 12 17  1  0
 13 14  1  0
 13 15  1  0
 15 16  1  0
 15 17  1  0
 17 18  1  0
 18 19  1  0
 18 27  1  0
 19 20  2  0
 20 21  1  0
 21 22  1  0
 21 27  2  0
 22 23  1  0
 22 24  2  0
 24 25  1  0
 25 26  2  0
 26 27  1  0
M  CHG  3   3  -1   4  -1   7  -1
M  END
POSE 4
ADP
                    3D
 
 27 29  0  0  1  0            999 V2000
   33.3632    9.0860  322.0706 P   0  0  0  0  0  0
   33.1235    9.6324  320.6799 O   0  0  0  0  0  0
   32.4969    9.6911  323.1425 O   0  5  0  0  0  0
   34.8168    9.0140  322.4773 O   0  5  0  0  0  0
   32.6575    6.6951  320.6339 P   0  0  0  0  0  0
   33.9882    6.5815  319.9274 O   0  0  0  0  0  0
   31.4754    7.2482  319.8896 O   0  5  0  0  0  0
   32.8562    7.5423  322.0051 O   0  0  0  0  0  0
   32.2115    5.2294  321.1434 O   0  0  0  0  0  0
   33.0725    4.3924  321.9088 C   0  0  0  0  0  0
   32.7902    2.8968  321.7197 C   0  0  1  0  0  0
   31.9528    2.4220  322.7808 O   0  0  0  0  0  0
   32.1139    2.5097  320.4057 C   0  0  1  0  0  0
   33.0495    1.8844  319.5219 O   0  0  0  0  0  0
   30.9930    1.5623  320.7801 C   0  0  1  0  0  0
   31.3251    0.2221  320.3994 O   0  0  0  0  0  0
   30.8595    1.6325  322.2886 C   0  0  2  0  0  0
   29.5899    2.2469  322.7764 N   0  0  0  0  0  0
   29.3675    3.5691  322.9282 C   0  0  0  0  0  0
   28.1243    3.7962  323.4334 N   0  0  0  0  0  0
   27.5347    2.6008  323.6258 C   0  0  0  0  0  0
   26.2239    2.1117  324.1324 C   0  0  0  0  0  0
   25.2700    2.9729  324.5494 N   0  0  0  0  0  0
   26.0055    0.7726  324.1615 N   0  0  0  0  0  0
   26.9454   -0.1125  323.7541 C   0  0  0  0  0  0
   28.1570    0.2689  323.2852 N   0  0  0  0  0  0
   28.5078    1.5819  323.1968 C   0  0  0  0  0  0
  1  2  2  0
  1  3  1  0
  1  4  1  0
  1  8  1  0
  5  6  2  0
  5  7  1  0
  5  8  1  0
  5  9  1  0
  9 10  1  0
 10 11  1  0
 11 12  1  0
 11 13  1  0
 12 17  1  0
 13 14  1  0
 13 15  1  0
 15 16  1  0
 15 17  1  0
 17 18  1  0
 18 19  1  0
 18 27  1  0
 19 20  2  0
 20 21  1  0
 21 22  1  0
 21 27  2  0
 22 23  1  0
 22 24  2  0
 24 25  1  0
 25 26  2  0
 26 27  1  0
M  CHG  3   3  -1   4  -1   7  -1
M  END
POSE 5
ADP
                    3D
 
 27 29  0  0  1  0            999 V2000
   33.3632    9.0860  322.0706 P   0  0  0  0  0  0
   33.1235    9.6324  320.6799 O   0  0  0  0  0  0
   32.4969    9.6911  323.1425 O   0  5  0  0  0  0
   34.8168    9.0140  322.4773 O   0  5  0  0  0  0
   32.6575    6.6951  320.6339 P   0  0  0  0  0  0
   33.9882    6.5815  319.9274 O   0  0  0  0  0  0
   31.4754    7.2482  319.8896 O   0  5  0  0  0  0
   32.8562    7.5423  322.0051 O   0  0  0  0  0  0
   32.2115    5.2294  321.1434 O   0  0  0  0  0  0
   33.0725    4.3924  321.9088 C   0  0  0  0  0  0
   32.7902    2.8968  321.7197 C   0  0  1  0  0  0
   31.9528    2.4220  322.7808 O   0  0  0  0  0  0
   32.1139    2.5097  320.4057 C   0  0  1  0  0  0
   33.0495    1.8844  319.5219 O   0  0  0  0  0  0
   30.9930    1.5623  320.7801 C   0  0  1  0  0  0
   31.3251    0.2221  320.3994 O   0  0  0  0  0  0
   30.8595    1.6325  322.2886 C   0  0  2  0  0  0
   29.5899    2.2469  322.7764 N   0  0  0  0  0  0
   29.3675    3.5691  322.9282 C   0  0  0  0  0  0
   28.1243    3.7962  323.4334 N   0  0  0  0  0  0
   27.5347    2.6008  323.6258 C   0  0  0  0  0  0
   26.2239    2.1117  324.1324 C   0  0  0  0  0  0
   25.2700    2.9729  324.5494 N   0  0  0  0  0  0
   26.0055    0.7726  324.1615 N   0  0  0  0  0  0
   26.9454   -0.1125  323.7541 C   0  0  0  0  0  0
   28.1570    0.2689  323.2852 N   0  0  0  0  0  0
   28.5078    1.5819  323.1968 C   0  0  0  0  0  0
  1  2  2  0
  1  3  1  0
  1  4  1  0
  1  8  1  0
  5  6  2  0
  5  7  1  0
  5  8  1  0
  5  9  1  0
  9 10  1  0
 10 11  1  0
 11 12  1  0
 11 13  1  0
 12 17  1  0
 13 14  1  0
 13 15  1  0
 15 16  1  0
 15 17  1  0
 17 18  1  0
 18 19  1  0
 18 27  1  0
 19 20  2  0
 20 21  1  0
 21 22  1  0
 21 27  2  0
 22 23  1  0
 22 24  2  0
 24 25  1  0
 25 26  2  0
 26 27  1  0
M  CHG  3   3  -1   4  -1   7  -1
M  END
LIGAND 004 AGS
POSE 1
AGS
                    3D
 
 31 33  0  0  1  0            999 V2000
   75.0701   53.2713  323.7652 P   0  0  0  0  0  0
   73.9295   54.8307  323.9900 S   0  0  0  0  0  0
   75.2344   52.9677  322.2492 O   0  5  0  0  0  0
   74.4063   52.0564  324.4762 O   0  5  0  0  0  0
   77.5440   54.3405  323.5548 P   0  0  0  0  0  0
   78.0769   53.5550  322.4275 O   0  5  0  0  0  0
   78.6199   54.7284  324.5643 O   0  0  0  0  0  0
   76.4698   53.5355  324.3824 O   0  0  0  0  0  0
   77.3213   56.1407  321.6043 P   0  0  0  0  0  0
   76.2210   55.8301  320.6719 O   0  5  0  0  0  0
   78.6697   55.4734  321.3425 O   0  0  0  0  0  0
   76.9331   55.6899  323.0455 O   0  0  0  0  0  0
   77.4435   57.6963  321.7170 O   0  0  0  0  0  0
   76.9830   58.3419  322.9193 C   0  0  0  0  0  0
   76.4101   59.6975  322.5944 C   0  0  1  0  0  0
   76.8296   60.6535  323.5871 O   0  0  0  0  0  0
   76.8455   60.2996  321.2676 C   0  0  1  0  0  0
   75.8847   61.2259  320.7790 O   0  0  0  0  0  0
   78.1385   61.0206  321.6432 C   0  0  1  0  0  0
   78.3708   62.1706  320.8415 O   0  0  0  0  0  0
   77.8858   61.4531  323.0902 C   0  0  2  0  0  0
   79.0439   61.2378  323.9392 N   0  0  0  0  0  0
   79.1366   60.3490  324.9744 C   0  0  0  0  0  0
   80.3073   60.3351  325.5613 N   0  0  0  0  0  0
   81.0462   61.2580  324.8419 C   0  0  0  0  0  0
   82.3742   61.7063  324.9618 C   0  0  0  0  0  0
   83.2281   61.2483  325.8767 N   0  0  0  0  0  0
   82.8005   62.6481  324.0921 N   0  0  0  0  0  0
   81.9491   63.1044  323.1712 C   0  0  0  0  0  0
   80.6739   62.7622  322.9672 N   0  0  0  0  0  0
   80.2817   61.8230  323.8381 C   0  0  0  0  0  0
  1  2  2  0
  1  3  1  0
  1  4  1  0
  1  8  1  0
  5  6  1  0
  5  7  2  0
  5  8  1  0
  5 12  1  0
  9 10  1  0
  9 11  2  0
  9 12  1  0
  9 13  1  0
 13 14  1  0
 14 15  1  0
 15 16  1  0
 15 17  1  0
 16 21  1  0
 17 18  1  0
 17 19  1  0
 19 20  1  0
 19 21  1  0
 21 22  1  0
 22 23  1  0
 22 31  1  0
 23 24  2  0
 24 25  1  0
 25 26  1  0
 25 31  2  0
 26 27  1  0
 26 28  2  0
 28 29  1  0
 29 30  2  0
 30 31  1  0
M  CHG  4   3  -1   4  -1   6  -1  10  -1
M  END
POSE 2
AGS
                    3D
 
 31 33  0  0  1  0            999 V2000
   75.0701   53.2713  323.7652 P   0  0  0  0  0  0
   73.9295   54.8307  323.9900 S   0  0  0  0  0  0
   75.2344   52.9677  322.2492 O   0  5  0  0  0  0
   74.4063   52.0564  324.4762 O   0  5  0  0  0  0
   77.5440   54.3405  323.5548 P   0  0  0  0  0  0
   78.0769   53.5550  322.4275 O   0  5  0  0  0  0
   78.6199   54.7284  324.5643 O   0  0  0  0  0  0
   76.4698   53.5355  324.3824 O   0  0  0  0  0  0
   77.3213   56.1407  321.6043 P   0  0  0  0  0  0
   76.2210   55.8301  320.6719 O   0  5  0  0  0  0
   78.6697   55.4734  321.3425 O   0  0  0  0  0  0
   76.9331   55.6899  323.0455 O   0  0  0  0  0  0
   77.4435   57.6963  321.7170 O   0  0  0  0  0  0
   76.9830   58.3419  322.9193 C   0  0  0  0  0  0
   76.4101   59.6975  322.5944 C   0  0  1  0  0  0
   76.8296   60.6535  323.5871 O   0  0  0  0  0  0
   76.8455   60.2996  321.2676 C   0  0  1  0  0  0
   75.8847   61.2259  320.7790 O   0  0  0  0  0  0
   78.1385   61.0206  321.6432 C   0  0  1  0  0  0
   78.3708   62.1706  320.8415 O   0  0  0  0  0  0
   77.8858   61.4531  323.0902 C   0  0  2  0  0  0
   79.0439   61.2378  323.9392 N   0  0  0  0  0  0
   79.1366   60.3490  324.9744 C   0  0  0  0  0  0
   80.3073   60.3351  325.5613 N   0  0  0  0  0  0
   81.0462   61.2580  324.8419 C   0  0  0  0  0  0
   82.3742   61.7063  324.9618 C   0  0  0  0  0  0
   83.2281   61.2483  325.8767 N   0  0  0  0  0  0
   82.8005   62.6481  324.0921 N   0  0  0  0  0  0
   81.9491   63.1044  323.1712 C   0  0  0  0  0  0
   80.6739   62.7622  322.9672 N   0  0  0  0  0  0
   80.2817   61.8230  323.8381 C   0  0  0  0  0  0
  1  2  2  0
  1  3  1  0
  1  4  1  0
  1  8  1  0
  5  6  1  0
  5  7  2  0
  5  8  1  0
  5 12  1  0
  9 10  1  0
  9 11  2  0
  9 12  1  0
  9 13  1  0
 13 14  1  0
 14 15  1  0
 15 16  1  0
 15 17  1  0
 16 21  1  0
 17 18  1  0
 17 19  1  0
 19 20  1  0
 19 21  1  0
 21 22  1  0
 22 23  1  0
 22 31  1  0
 23 24  2  0
 24 25  1  0
 25 26  1  0
 25 31  2  0
 26 27  1  0
 26 28  2  0
 28 29  1  0
 29 30  2  0
 30 31  1  0
M  CHG  4   3  -1   4  -1   6  -1  10  -1
M  END
POSE 3
AGS
                    3D
 
 31 33  0  0  1  0            999 V2000
   75.0701   53.2713  323.7652 P   0  0  0  0  0  0
   73.9295   54.8307  323.9900 S   0  0  0  0  0  0
   75.2344   52.9677  322.2492 O   0  5  0  0  0  0
   74.4063   52.0564  324.4762 O   0  5  0  0  0  0
   77.5440   54.3405  323.5548 P   0  0  0  0  0  0
   78.0769   53.5550  322.4275 O   0  5  0  0  0  0
   78.6199   54.7284  324.5643 O   0  0  0  0  0  0
   76.4698   53.5355  324.3824 O   0  0  0  0  0  0
   77.3213   56.1407  321.6043 P   0  0  0  0  0  0
   76.2210   55.8301  320.6719 O   0  5  0  0  0  0
   78.6697   55.4734  321.3425 O   0  0  0  0  0  0
   76.9331   55.6899  323.0455 O   0  0  0  0  0  0
   77.4435   57.6963  321.7170 O   0  0  0  0  0  0
   76.9830   58.3419  322.9193 C   0  0  0  0  0  0
   76.4101   59.6975  322.5944 C   0  0  1  0  0  0
   76.8296   60.6535  323.5871 O   0  0  0  0  0  0
   76.8455   60.2996  321.2676 C   0  0  1  0  0  0
   75.8847   61.2259  320.7790 O   0  0  0  0  0  0
   78.1385   61.0206  321.6432 C   0  0  1  0  0  0
   78.3708   62.1706  320.8415 O   0  0  0  0  0  0
   77.8858   61.4531  323.0902 C   0  0  2  0  0  0
   79.0439   61.2378  323.9392 N   0  0  0  0  0  0
   79.1366   60.3490  324.9744 C   0  0  0  0  0  0
   80.3073   60.3351  325.5613 N   0  0  0  0  0  0
   81.0462   61.2580  324.8419 C   0  0  0  0  0  0
   82.3742   61.7063  324.9618 C   0  0  0  0  0  0
   83.2281   61.2483  325.8767 N   0  0  0  0  0  0
   82.8005   62.6481  324.0921 N   0  0  0  0  0  0
   81.9491   63.1044  323.1712 C   0  0  0  0  0  0
   80.6739   62.7622  322.9672 N   0  0  0  0  0  0
   80.2817   61.8230  323.8381 C   0  0  0  0  0  0
  1  2  2  0
  1  3  1  0
  1  4  1  0
  1  8  1  0
  5  6  1  0
  5  7  2  0
  5  8  1  0
  5 12  1  0
  9 10  1  0
  9 11  2  0
  9 12  1  0
  9 13  1  0
 13 14  1  0
 14 15  1  0
 15 16  1  0
 15 17  1  0
 16 21  1  0
 17 18  1  0
 17 19  1  0
 19 20  1  0
 19 21  1  0
 21 22  1  0
 22 23  1  0
 22 31  1  0
 23 24  2  0
 24 25  1  0
 25 26  1  0
 25 31  2  0
 26 27  1  0
 26 28  2  0
 28 29  1  0
 29 30  2  0
 30 31  1  0
M  CHG  4   3  -1   4  -1   6  -1  10  -1
M  END
POSE 4
AGS
                    3D
 
 31 33  0  0  1  0            999 V2000
   75.0701   53.2713  323.7652 P   0  0  0  0  0  0
   73.9295   54.8307  323.9900 S   0  0  0  0  0  0
   75.2344   52.9677  322.2492 O   0  5  0  0  0  0
   74.4063   52.0564  324.4762 O   0  5  0  0  0  0
   77.5440   54.3405  323.5548 P   0  0  0  0  0  0
   78.0769   53.5550  322.4275 O   0  5  0  0  0  0
   78.6199   54.7284  324.5643 O   0  0  0  0  0  0
   76.4698   53.5355  324.3824 O   0  0  0  0  0  0
   77.3213   56.1407  321.6043 P   0  0  0  0  0  0
   76.2210   55.8301  320.6719 O   0  5  0  0  0  0
   78.6697   55.4734  321.3425 O   0  0  0  0  0  0
   76.9331   55.6899  323.0455 O   0  0  0  0  0  0
   77.4435   57.6963  321.7170 O   0  0  0  0  0  0
   76.9830   58.3419  322.9193 C   0  0  0  0  0  0
   76.4101   59.6975  322.5944 C   0  0  1  0  0  0
   76.8296   60.6535  323.5871 O   0  0  0  0  0  0
   76.8455   60.2996  321.2676 C   0  0  1  0  0  0
   75.8847   61.2259  320.7790 O   0  0  0  0  0  0
   78.1385   61.0206  321.6432 C   0  0  1  0  0  0
   78.3708   62.1706  320.8415 O   0  0  0  0  0  0
   77.8858   61.4531  323.0902 C   0  0  2  0  0  0
   79.0439   61.2378  323.9392 N   0  0  0  0  0  0
   79.1366   60.3490  324.9744 C   0  0  0  0  0  0
   80.3073   60.3351  325.5613 N   0  0  0  0  0  0
   81.0462   61.2580  324.8419 C   0  0  0  0  0  0
   82.3742   61.7063  324.9618 C   0  0  0  0  0  0
   83.2281   61.2483  325.8767 N   0  0  0  0  0  0
   82.8005   62.6481  324.0921 N   0  0  0  0  0  0
   81.9491   63.1044  323.1712 C   0  0  0  0  0  0
   80.6739   62.7622  322.9672 N   0  0  0  0  0  0
   80.2817   61.8230  323.8381 C   0  0  0  0  0  0
  1  2  2  0
  1  3  1  0
  1  4  1  0
  1  8  1  0
  5  6  1  0
  5  7  2  0
  5  8  1  0
  5 12  1  0
  9 10  1  0
  9 11  2  0
  9 12  1  0
  9 13  1  0
 13 14  1  0
 14 15  1  0
 15 16  1  0
 15 17  1  0
 16 21  1  0
 17 18  1  0
 17 19  1  0
 19 20  1  0
 19 21  1  0
 21 22  1  0
 22 23  1  0
 22 31  1  0
 23 24  2  0
 24 25  1  0
 25 26  1  0
 25 31  2  0
 26 27  1  0
 26 28  2  0
 28 29  1  0
 29 30  2  0
 30 31  1  0
M  CHG  4   3  -1   4  -1   6  -1  10  -1
M  END
POSE 5
AGS
                    3D
 
 31 33  0  0  1  0            999 V2000
   75.0701   53.2713  323.7652 P   0  0  0  0  0  0
   73.9295   54.8307  323.9900 S   0  0  0  0  0  0
   75.2344   52.9677  322.2492 O   0  5  0  0  0  0
   74.4063   52.0564  324.4762 O   0  5  0  0  0  0
   77.5440   54.3405  323.5548 P   0  0  0  0  0  0
   78.0769   53.5550  322.4275 O   0  5  0  0  0  0
   78.6199   54.7284  324.5643 O   0  0  0  0  0  0
   76.4698   53.5355  324.3824 O   0  0  0  0  0  0
   77.3213   56.1407  321.6043 P   0  0  0  0  0  0
   76.2210   55.8301  320.6719 O   0  5  0  0  0  0
   78.6697   55.4734  321.3425 O   0  0  0  0  0  0
   76.9331   55.6899  323.0455 O   0  0  0  0  0  0
   77.4435   57.6963  321.7170 O   0  0  0  0  0  0
   76.9830   58.3419  322.9193 C   0  0  0  0  0  0
   76.4101   59.6975  322.5944 C   0  0  1  0  0  0
   76.8296   60.6535  323.5871 O   0  0  0  0  0  0
   76.8455   60.2996  321.2676 C   0  0  1  0  0  0
   75.8847   61.2259  320.7790 O   0  0  0  0  0  0
   78.1385   61.0206  321.6432 C   0  0  1  0  0  0
   78.3708   62.1706  320.8415 O   0  0  0  0  0  0
   77.8858   61.4531  323.0902 C   0  0  2  0  0  0
   79.0439   61.2378  323.9392 N   0  0  0  0  0  0
   79.1366   60.3490  324.9744 C   0  0  0  0  0  0
   80.3073   60.3351  325.5613 N   0  0  0  0  0  0
   81.0462   61.2580  324.8419 C   0  0  0  0  0  0
   82.3742   61.7063  324.9618 C   0  0  0  0  0  0
   83.2281   61.2483  325.8767 N   0  0  0  0  0  0
   82.8005   62.6481  324.0921 N   0  0  0  0  0  0
   81.9491   63.1044  323.1712 C   0  0  0  0  0  0
   80.6739   62.7622  322.9672 N   0  0  0  0  0  0
   80.2817   61.8230  323.8381 C   0  0  0  0  0  0
  1  2  2  0
  1  3  1  0
  1  4  1  0
  1  8  1  0
  5  6  1  0
  5  7  2  0
  5  8  1  0
  5 12  1  0
  9 10  1  0
  9 11  2  0
  9 12  1  0
  9 13  1  0
 13 14  1  0
 14 15  1  0
 15 16  1  0
 15 17  1  0
 16 21  1  0
 17 18  1  0
 17 19  1  0
 19 20  1  0
 19 21  1  0
 21 22  1  0
 22 23  1  0
 22 31  1  0
 23 24  2  0
 24 25  1  0
 25 26  1  0
 25 31  2  0
 26 27  1  0
 26 28  2  0
 28 29  1  0
 29 30  2  0
 30 31  1  0
M  CHG  4   3  -1   4  -1   6  -1  10  -1
M  END
LIGAND 005 AGS
POSE 1
AGS
                    3D
 
 31 33  0  0  1  0            999 V2000
   64.3592    4.8923  323.7626 P   0  0  0  0  0  0
   66.2799    5.1005  323.9873 S   0  0  0  0  0  0
   64.0140    4.9023  322.2467 O   0  5  0  0  0  0
   63.6389    6.0743  324.4741 O   0  5  0  0  0  0
   64.0484    2.2152  323.5514 P   0  0  0  0  0  0
   63.1016    2.1468  322.4241 O   0  5  0  0  0  0
   63.8466    1.0892  324.5605 O   0  0  0  0  0  0
   63.8883    3.5478  324.3794 O   0  0  0  0  0  0
   65.7187    1.5089  321.6005 P   0  0  0  0  0  0
   65.9996    2.6174  320.6684 O   0  5  0  0  0  0
   64.4667    0.6747  321.3385 O   0  0  0  0  0  0
   65.5225    2.0700  323.0419 O   0  0  0  0  0  0
   67.0049    0.6254  321.7127 O   0  0  0  0  0  0
   67.7944    0.7010  322.9149 C   0  0  0  0  0  0
   69.2548    0.5196  322.5899 C   0  0  1  0  0  0
   69.8732   -0.3219  323.5822 O   0  0  0  0  0  0
   69.5584   -0.1580  321.2628 C   0  0  1  0  0  0
   70.8409    0.2112  320.7741 O   0  0  0  0  0  0
   69.5366   -1.6384  321.6379 C   0  0  1  0  0  0
   70.4164   -2.4142  320.8358 O   0  0  0  0  0  0
   70.0377   -1.6362  323.0848 C   0  0  2  0  0  0
   69.2723   -2.5319  323.9336 N   0  0  0  0  0  0
   68.4563   -2.1683  324.9690 C   0  0  0  0  0  0
   67.8591   -3.1754  325.5557 N   0  0  0  0  0  0
   68.2889   -4.2765  324.8358 C   0  0  0  0  0  0
   68.0134   -5.6507  324.9553 C   0  0  0  0  0  0
   67.1900   -6.1617  325.8700 N   0  0  0  0  0  0
   68.6158   -6.4904  324.0852 N   0  0  0  0  0  0
   69.4366   -5.9809  323.1644 C   0  0  0  0  0  0
   69.7777   -4.7054  322.9608 N   0  0  0  0  0  0
   69.1603   -3.8965  323.8320 C   0  0  0  0  0  0
  1  2  2  0
  1  3  1  0
  1  4  1  0
  1  8  1  0
  5  6  1  0
  5  7  2  0
  5  8  1  0
  5 12  1  0
  9 10  1  0
  9 11  2  0
  9 12  1  0
  9 13  1  0
 13 14  1  0
 14 15  1  0
 15 16  1  0
 15 17  1  0
 16 21  1  0
 17 18  1  0
 17 19  1  0
 19 20  1  0
 19 21  1  0
 21 22  1  0
 22 23  1  0
 22 31  1  0
 23 24  2  0
 24 25  1  0
 25 26  1  0
 25 31  2  0
 26 27  1  0
 26 28  2  0
 28 29  1  0
 29 30  2  0
 30 31  1  0
M  CHG  4   3  -1   4  -1   6  -1  10  -1
M  END
POSE 2
AGS
                    3D
 
 31 33  0  0  1  0            999 V2000
   64.3592    4.8923  323.7626 P   0  0  0  0  0  0
   66.2799    5.1005  323.9873 S   0  0  0  0  0  0
   64.0140    4.9023  322.2467 O   0  5  0  0  0  0
   63.6389    6.0743  324.4741 O   0  5  0  0  0  0
   64.0484    2.2152  323.5514 P   0  0  0  0  0  0
   63.1016    2.1468  322.4241 O   0  5  0  0  0  0
   63.8466    1.0892  324.5605 O   0  0  0  0  0  0
   63.8883    3.5478  324.3794 O   0  0  0  0  0  0
   65.7187    1.5089  321.6005 P   0  0  0  0  0  0
   65.9996    2.6174  320.6684 O   0  5  0  0  0  0
   64.4667    0.6747  321.3385 O   0  0  0  0  0  0
   65.5225    2.0700  323.0419 O   0  0  0  0  0  0
   67.0049    0.6254  321.7127 O   0  0  0  0  0  0
   67.7944    0.7010  322.9149 C   0  0  0  0  0  0
   69.2548    0.5196  322.5899 C   0  0  1  0  0  0
   69.8732   -0.3219  323.5822 O   0  0  0  0  0  0
   69.5584   -0.1580  321.2628 C   0  0  1  0  0  0
   70.8409    0.2112  320.7741 O   0  0  0  0  0  0
   69.5366   -1.6384  321.6379 C   0  0  1  0  0  0
   70.4164   -2.4142  320.8358 O   0  0  0  0  0  0
   70.0377   -1.6362  323.0848 C   0  0  2  0  0  0
   69.2723   -2.5319  323.9336 N   0  0  0  0  0  0
   68.4563   -2.1683  324.9690 C   0  0  0  0  0  0
   67.8591   -3.1754  325.5557 N   0  0  0  0  0  0
   68.2889   -4.2765  324.8358 C   0  0  0  0  0  0
   68.0134   -5.6507  324.9553 C   0  0  0  0  0  0
   67.1900   -6.1617  325.8700 N   0  0  0  0  0  0
   68.6158   -6.4904  324.0852 N   0  0  0  0  0  0
   69.4366   -5.9809  323.1644 C   0  0  0  0  0  0
   69.7777   -4.7054  322.9608 N   0  0  0  0  0  0
   69.1603   -3.8965  323.8320 C   0  0  0  0  0  0
  1  2  2  0
  1  3  1  0
  1  4  1  0
  1  8  1  0
  5  6  1  0
  5  7  2  0
  5  8  1  0
  5 12  1  0
  9 10  1  0
  9 11  2  0
  9 12  1  0
  9 13  1  0
 13 14  1  0
 14 15  1  0
 15 16  1  0
 15 17  1  0
 16 21  1  0
 17 18  1  0
 17 19  1  0
 19 20  1  0
 19 21  1  0
 21 22  1  0
 22 23  1  0
 22 31  1  0
 23 24  2  0
 24 25  1  0
 25 26  1  0
 25 31  2  0
 26 27  1  0
 26 28  2  0
 28 29  1  0
 29 30  2  0
 30 31  1  0
M  CHG  4   3  -1   4  -1   6  -1  10  -1
M  END
POSE 3
AGS
                    3D
 
 31 33  0  0  1  0            999 V2000
   64.3592    4.8923  323.7626 P   0  0  0  0  0  0
   66.2799    5.1005  323.9873 S   0  0  0  0  0  0
   64.0140    4.9023  322.2467 O   0  5  0  0  0  0
   63.6389    6.0743  324.4741 O   0  5  0  0  0  0
   64.0484    2.2152  323.5514 P   0  0  0  0  0  0
   63.1016    2.1468  322.4241 O   0  5  0  0  0  0
   63.8466    1.0892  324.5605 O   0  0  0  0  0  0
   63.8883    3.5478  324.3794 O   0  0  0  0  0  0
   65.7187    1.5089  321.6005 P   0  0  0  0  0  0
   65.9996    2.6174  320.6684 O   0  5  0  0  0  0
   64.4667    0.6747  321.3385 O   0  0  0  0  0  0
   65.5225    2.0700  323.0419 O   0  0  0  0  0  0
   67.0049    0.6254  321.7127 O   0  0  0  0  0  0
   67.7944    0.7010  322.9149 C   0  0  0  0  0  0
   69.2548    0.5196  322.5899 C   0  0  1  0  0  0
   69.8732   -0.3219  323.5822 O   0  0  0  0  0  0
   69.5584   -0.1580  321.2628 C   0  0  1  0  0  0
   70.8409    0.2112  320.7741 O   0  0  0  0  0  0
   69.5366   -1.6384  321.6379 C   0  0  1  0  0  0
   70.4164   -2.4142  320.8358 O   0  0  0  0  0  0
   70.0377   -1.6362  323.0848 C   0  0  2  0  0  0
   69.2723   -2.5319  323.9336 N   0  0  0  0  0  0
   68.4563   -2.1683  324.9690 C   0  0  0  0  0  0
   67.8591   -3.1754  325.5557 N   0  0  0  0  0  0
   68.2889   -4.2765  324.8358 C   0  0  0  0  0  0
   68.0134   -5.6507  324.9553 C   0  0  0  0  0  0
   67.1900   -6.1617  325.8700 N   0  0  0  0  0  0
   68.6158   -6.4904  324.0852 N   0  0  0  0  0  0
   69.4366   -5.9809  323.1644 C   0  0  0  0  0  0
   69.7777   -4.7054  322.9608 N   0  0  0  0  0  0
   69.1603   -3.8965  323.8320 C   0  0  0  0  0  0
  1  2  2  0
  1  3  1  0
  1  4  1  0
  1  8  1  0
  5  6  1  0
  5  7  2  0
  5  8  1  0
  5 12  1  0
  9 10  1  0
  9 11  2  0
  9 12  1  0
  9 13  1  0
 13 14  1  0
 14 15  1  0
 15 16  1  0
 15 17  1  0
 16 21  1  0
 17 18  1  0
 17 19  1  0
 19 20  1  0
 19 21  1  0
 21 22  1  0
 22 23  1  0
 22 31  1  0
 23 24  2  0
 24 25  1  0
 25 26  1  0
 25 31  2  0
 26 27  1  0
 26 28  2  0
 28 29  1  0
 29 30  2  0
 30 31  1  0
M  CHG  4   3  -1   4  -1   6  -1  10  -1
M  END
POSE 4
AGS
                    3D
 
 31 33  0  0  1  0            999 V2000
   64.3592    4.8923  323.7626 P   0  0  0  0  0  0
   66.2799    5.1005  323.9873 S   0  0  0  0  0  0
   64.0140    4.9023  322.2467 O   0  5  0  0  0  0
   63.6389    6.0743  324.4741 O   0  5  0  0  0  0
   64.0484    2.2152  323.5514 P   0  0  0  0  0  0
   63.1016    2.1468  322.4241 O   0  5  0  0  0  0
   63.8466    1.0892  324.5605 O   0  0  0  0  0  0
   63.8883    3.5478  324.3794 O   0  0  0  0  0  0
   65.7187    1.5089  321.6005 P   0  0  0  0  0  0
   65.9996    2.6174  320.6684 O   0  5  0  0  0  0
   64.4667    0.6747  321.3385 O   0  0  0  0  0  0
   65.5225    2.0700  323.0419 O   0  0  0  0  0  0
   67.0049    0.6254  321.7127 O   0  0  0  0  0  0
   67.7944    0.7010  322.9149 C   0  0  0  0  0  0
   69.2548    0.5196  322.5899 C   0  0  1  0  0  0
   69.8732   -0.3219  323.5822 O   0  0  0  0  0  0
   69.5584   -0.1580  321.2628 C   0  0  1  0  0  0
   70.8409    0.2112  320.7741 O   0  0  0  0  0  0
   69.5366   -1.6384  321.6379 C   0  0  1  0  0  0
   70.4164   -2.4142  320.8358 O   0  0  0  0  0  0
   70.0377   -1.6362  323.0848 C   0  0  2  0  0  0
   69.2723   -2.5319  323.9336 N   0  0  0  0  0  0
   68.4563   -2.1683  324.9690 C   0  0  0  0  0  0
   67.8591   -3.1754  325.5557 N   0  0  0  0  0  0
   68.2889   -4.2765  324.8358 C   0  0  0  0  0  0
   68.0134   -5.6507  324.9553 C   0  0  0  0  0  0
   67.1900   -6.1617  325.8700 N   0  0  0  0  0  0
   68.6158   -6.4904  324.0852 N   0  0  0  0  0  0
   69.4366   -5.9809  323.1644 C   0  0  0  0  0  0
   69.7777   -4.7054  322.9608 N   0  0  0  0  0  0
   69.1603   -3.8965  323.8320 C   0  0  0  0  0  0
  1  2  2  0
  1  3  1  0
  1  4  1  0
  1  8  1  0
  5  6  1  0
  5  7  2  0
  5  8  1  0
  5 12  1  0
  9 10  1  0
  9 11  2  0
  9 12  1  0
  9 13  1  0
 13 14  1  0
 14 15  1  0
 15 16  1  0
 15 17  1  0
 16 21  1  0
 17 18  1  0
 17 19  1  0
 19 20  1  0
 19 21  1  0
 21 22  1  0
 22 23  1  0
 22 31  1  0
 23 24  2  0
 24 25  1  0
 25 26  1  0
 25 31  2  0
 26 27  1  0
 26 28  2  0
 28 29  1  0
 29 30  2  0
 30 31  1  0
M  CHG  4   3  -1   4  -1   6  -1  10  -1
M  END
POSE 5
AGS
                    3D
 
 31 33  0  0  1  0            999 V2000
   64.3592    4.8923  323.7626 P   0  0  0  0  0  0
   66.2799    5.1005  323.9873 S   0  0  0  0  0  0
   64.0140    4.9023  322.2467 O   0  5  0  0  0  0
   63.6389    6.0743  324.4741 O   0  5  0  0  0  0
   64.0484    2.2152  323.5514 P   0  0  0  0  0  0
   63.1016    2.1468  322.4241 O   0  5  0  0  0  0
   63.8466    1.0892  324.5605 O   0  0  0  0  0  0
   63.8883    3.5478  324.3794 O   0  0  0  0  0  0
   65.7187    1.5089  321.6005 P   0  0  0  0  0  0
   65.9996    2.6174  320.6684 O   0  5  0  0  0  0
   64.4667    0.6747  321.3385 O   0  0  0  0  0  0
   65.5225    2.0700  323.0419 O   0  0  0  0  0  0
   67.0049    0.6254  321.7127 O   0  0  0  0  0  0
   67.7944    0.7010  322.9149 C   0  0  0  0  0  0
   69.2548    0.5196  322.5899 C   0  0  1  0  0  0
   69.8732   -0.3219  323.5822 O   0  0  0  0  0  0
   69.5584   -0.1580  321.2628 C   0  0  1  0  0  0
   70.8409    0.2112  320.7741 O   0  0  0  0  0  0
   69.5366   -1.6384  321.6379 C   0  0  1  0  0  0
   70.4164   -2.4142  320.8358 O   0  0  0  0  0  0
   70.0377   -1.6362  323.0848 C   0  0  2  0  0  0
   69.2723   -2.5319  323.9336 N   0  0  0  0  0  0
   68.4563   -2.1683  324.9690 C   0  0  0  0  0  0
   67.8591   -3.1754  325.5557 N   0  0  0  0  0  0
   68.2889   -4.2765  324.8358 C   0  0  0  0  0  0
   68.0134   -5.6507  324.9553 C   0  0  0  0  0  0
   67.1900   -6.1617  325.8700 N   0  0  0  0  0  0
   68.6158   -6.4904  324.0852 N   0  0  0  0  0  0
   69.4366   -5.9809  323.1644 C   0  0  0  0  0  0
   69.7777   -4.7054  322.9608 N   0  0  0  0  0  0
   69.1603   -3.8965  323.8320 C   0  0  0  0  0  0
  1  2  2  0
  1  3  1  0
  1  4  1  0
  1  8  1  0
  5  6  1  0
  5  7  2  0
  5  8  1  0
  5 12  1  0
  9 10  1  0
  9 11  2  0
  9 12  1  0
  9 13  1  0
 13 14  1  0
 14 15  1  0
 15 16  1  0
 15 17  1  0
 16 21  1  0
 17 18  1  0
 17 19  1  0
 19 20  1  0
 19 21  1  0
 21 22  1  0
 22 23  1  0
 22 31  1  0
 23 24  2  0
 24 25  1  0
 25 26  1  0
 25 31  2  0
 26 27  1  0
 26 28  2  0
 28 29  1  0
 29 30  2  0
 30 31  1  0
M  CHG  4   3  -1   4  -1   6  -1  10  -1
M  END
LIGAND 006 AGS
POSE 1
AGS
                    3D
 
 31 33  0  0  1  0            999 V2000
   28.2698   38.2136  323.7673 P   0  0  0  0  0  0
   27.4923   36.4451  323.9931 S   0  0  0  0  0  0
   28.4513   38.5065  322.2512 O   0  5  0  0  0  0
   29.6532   38.2491  324.4793 O   0  5  0  0  0  0
   26.1045   39.8178  323.5537 P   0  0  0  0  0  0
   26.5178   40.6716  322.4259 O   0  5  0  0  0  0
   25.2286   40.5551  324.5618 O   0  0  0  0  0  0
   27.3390   39.2927  324.3827 O   0  0  0  0  0  0
   24.6601   38.7206  321.6031 P   0  0  0  0  0  0
   25.4812   37.9235  320.6721 O   0  5  0  0  0  0
   24.5615   40.2216  321.3398 O   0  0  0  0  0  0
   25.2437   38.6121  323.0449 O   0  0  0  0  0  0
   23.2528   38.0465  321.7153 O   0  0  0  0  0  0
   22.9241   37.3255  322.9180 C   0  0  0  0  0  0
   22.0388   36.1498  322.5935 C   0  0  1  0  0  0
   21.0005   36.0343  323.5855 O   0  0  0  0  0  0
   21.3006   36.2234  321.2661 C   0  0  1  0  0  0
   20.9812   34.9272  320.7784 O   0  0  0  0  0  0
   20.0282   36.9809  321.6399 C   0  0  1  0  0  0
   18.9173   36.6045  320.8377 O   0  0  0  0  0  0
   19.7795   36.5468  323.0871 C   0  0  2  0  0  0
   19.3844   37.6576  323.9348 N   0  0  0  0  0  0
   20.1061   38.1844  324.9701 C   0  0  0  0  0  0
   19.5307   39.2047  325.5556 N   0  0  0  0  0  0
   18.3623   39.3807  324.8351 C   0  0  0  0  0  0
   17.3085   40.3050  324.9533 C   0  0  0  0  0  0
   17.2758   41.2743  325.8672 N   0  0  0  0  0  0
   16.2806   40.2008  324.0829 N   0  0  0  0  0  0
   16.3134   39.2345  323.1629 C   0  0  0  0  0  0
   17.2490   38.3026  322.9605 N   0  0  0  0  0  0
   18.2576   38.4350  323.8321 C   0  0  0  0  0  0
  1  2  2  0
  1  3  1  0
  1  4  1  0
  1  8  1  0
  5  6  1  0
  5  7  2  0
  5  8  1  0
  5 12  1  0
  9 10  1  0
  9 11  2  0
  9 12  1  0
  9 13  1  0
 13 14  1  0
 14 15  1  0
 15 16  1  0
 15 17  1  0
 16 21  1  0
 17 18  1  0
 17 19  1  0
 19 20  1  0
 19 21  1  0
 21 22  1  0
 22 23  1  0
 22 31  1  0
 23 24  2  0
 24 25  1  0
 25 26  1  0
 25 31  2  0
 26 27  1  0
 26 28  2  0
 28 29  1  0
 29 30  2  0
 30 31  1  0
M  CHG  4   3  -1   4  -1   6  -1  10  -1
M  END
POSE 2
AGS
                    3D
 
 31 33  0  0  1  0            999 V2000
   28.2698   38.2136  323.7673 P   0  0  0  0  0  0
   27.4923   36.4451  323.9931 S   0  0  0  0  0  0
   28.4513   38.5065  322.2512 O   0  5  0  0  0  0
   29.6532   38.2491  324.4793 O   0  5  0  0  0  0
   26.1045   39.8178  323.5537 P   0  0  0  0  0  0
   26.5178   40.6716  322.4259 O   0  5  0  0  0  0
   25.2286   40.5551  324.5618 O   0  0  0  0  0  0
   27.3390   39.2927  324.3827 O   0  0  0  0  0  0
   24.6601   38.7206  321.6031 P   0  0  0  0  0  0
   25.4812   37.9235  320.6721 O   0  5  0  0  0  0
   24.5615   40.2216  321.3398 O   0  0  0  0  0  0
   25.2437   38.6121  323.0449 O   0  0  0  0  0  0
   23.2528   38.0465  321.7153 O   0  0  0  0  0  0
   22.9241   37.3255  322.9180 C   0  0  0  0  0  0
   22.0388   36.1498  322.5935 C   0  0  1  0  0  0
   21.0005   36.0343  323.5855 O   0  0  0  0  0  0
   21.3006   36.2234  321.2661 C   0  0  1  0  0  0
   20.9812   34.9272  320.7784 O   0  0  0  0  0  0
   20.0282   36.9809  321.6399 C   0  0  1  0  0  0
   18.9173   36.6045  320.8377 O   0  0  0  0  0  0
   19.7795   36.5468  323.0871 C   0  0  2  0  0  0
   19.3844   37.6576  323.9348 N   0  0  0  0  0  0
   20.1061   38.1844  324.9701 C   0  0  0  0  0  0
   19.5307   39.2047  325.5556 N   0  0  0  0  0  0
   18.3623   39.3807  324.8351 C   0  0  0  0  0  0
   17.3085   40.3050  324.9533 C   0  0  0  0  0  0
   17.2758   41.2743  325.8672 N   0  0  0  0  0  0
   16.2806   40.2008  324.0829 N   0  0  0  0  0  0
   16.3134   39.2345  323.1629 C   0  0  0  0  0  0
   17.2490   38.3026  322.9605 N   0  0  0  0  0  0
   18.2576   38.4350  323.8321 C   0  0  0  0  0  0
  1  2  2  0
  1  3  1  0
  1  4  1  0
  1  8  1  0
  5  6  1  0
  5  7  2  0
  5  8  1  0
  5 12  1  0
  9 10  1  0
  9 11  2  0
  9 12  1  0
  9 13  1  0
 13 14  1  0
 14 15  1  0
 15 16  1  0
 15 17  1  0
 16 21  1  0
 17 18  1  0
 17 19  1  0
 19 20  1  0
 19 21  1  0
 21 22  1  0
 22 23  1  0
 22 31  1  0
 23 24  2  0
 24 25  1  0
 25 26  1  0
 25 31  2  0
 26 27  1  0
 26 28  2  0
 28 29  1  0
 29 30  2  0
 30 31  1  0
M  CHG  4   3  -1   4  -1   6  -1  10  -1
M  END
POSE 3
AGS
                    3D
 
 31 33  0  0  1  0            999 V2000
   28.2698   38.2136  323.7673 P   0  0  0  0  0  0
   27.4923   36.4451  323.9931 S   0  0  0  0  0  0
   28.4513   38.5065  322.2512 O   0  5  0  0  0  0
   29.6532   38.2491  324.4793 O   0  5  0  0  0  0
   26.1045   39.8178  323.5537 P   0  0  0  0  0  0
   26.5178   40.6716  322.4259 O   0  5  0  0  0  0
   25.2286   40.5551  324.5618 O   0  0  0  0  0  0
   27.3390   39.2927  324.3827 O   0  0  0  0  0  0
   24.6601   38.7206  321.6031 P   0  0  0  0  0  0
   25.4812   37.9235  320.6721 O   0  5  0  0  0  0
   24.5615   40.2216  321.3398 O   0  0  0  0  0  0
   25.2437   38.6121  323.0449 O   0  0  0  0  0  0
   23.2528   38.0465  321.7153 O   0  0  0  0  0  0
   22.9241   37.3255  322.9180 C   0  0  0  0  0  0
   22.0388   36.1498  322.5935 C   0  0  1  0  0  0
   21.0005   36.0343  323.5855 O   0  0  0  0  0  0
   21.3006   36.2234  321.2661 C   0  0  1  0  0  0
   20.9812   34.9272  320.7784 O   0  0  0  0  0  0
   20.0282   36.9809  321.6399 C   0  0  1  0  0  0
   18.9173   36.6045  320.8377 O   0  0  0  0  0  0
   19.7795   36.5468  323.0871 C   0  0  2  0  0  0
   19.3844   37.6576  323.9348 N   0  0  0  0  0  0
   20.1061   38.1844  324.9701 C   0  0  0  0  0  0
   19.5307   39.2047  325.5556 N   0  0  0  0  0  0
   18.3623   39.3807  324.8351 C   0  0  0  0  0  0
   17.3085   40.3050  324.9533 C   0  0  0  0  0  0
   17.2758   41.2743  325.8672 N   0  0  0  0  0  0
   16.2806   40.2008  324.0829 N   0  0  0  0  0  0
   16.3134   39.2345  323.1629 C   0  0  0  0  0  0
   17.2490   38.3026  322.9605 N   0  0  0  0  0  0
   18.2576   38.4350  323.8321 C   0  0  0  0  0  0
  1  2  2  0
  1  3  1  0
  1  4  1  0
  1  8  1  0
  5  6  1  0
  5  7  2  0
  5  8  1  0
  5 12  1  0
  9 10  1  0
  9 11  2  0
  9 12  1  0
  9 13  1  0
 13 14  1  0
 14 15  1  0
 15 16  1  0
 15 17  1  0
 16 21  1  0
 17 18  1  0
 17 19  1  0
 19 20  1  0
 19 21  1  0
 21 22  1  0
 22 23  1  0
 22 31  1  0
 23 24  2  0
 24 25  1  0
 25 26  1  0
 25 31  2  0
 26 27  1  0
 26 28  2  0
 28 29  1  0
 29 30  2  0
 30 31  1  0
M  CHG  4   3  -1   4  -1   6  -1  10  -1
M  END
POSE 4
AGS
                    3D
 
 31 33  0  0  1  0            999 V2000
   28.2698   38.2136  323.7673 P   0  0  0  0  0  0
   27.4923   36.4451  323.9931 S   0  0  0  0  0  0
   28.4513   38.5065  322.2512 O   0  5  0  0  0  0
   29.6532   38.2491  324.4793 O   0  5  0  0  0  0
   26.1045   39.8178  323.5537 P   0  0  0  0  0  0
   26.5178   40.6716  322.4259 O   0  5  0  0  0  0
   25.2286   40.5551  324.5618 O   0  0  0  0  0  0
   27.3390   39.2927  324.3827 O   0  0  0  0  0  0
   24.6601   38.7206  321.6031 P   0  0  0  0  0  0
   25.4812   37.9235  320.6721 O   0  5  0  0  0  0
   24.5615   40.2216  321.3398 O   0  0  0  0  0  0
   25.2437   38.6121  323.0449 O   0  0  0  0  0  0
   23.2528   38.0465  321.7153 O   0  0  0  0  0  0
   22.9241   37.3255  322.9180 C   0  0  0  0  0  0
   22.0388   36.1498  322.5935 C   0  0  1  0  0  0
   21.0005   36.0343  323.5855 O   0  0  0  0  0  0
   21.3006   36.2234  321.2661 C   0  0  1  0  0  0
   20.9812   34.9272  320.7784 O   0  0  0  0  0  0
   20.0282   36.9809  321.6399 C   0  0  1  0  0  0
   18.9173   36.6045  320.8377 O   0  0  0  0  0  0
   19.7795   36.5468  323.0871 C   0  0  2  0  0  0
   19.3844   37.6576  323.9348 N   0  0  0  0  0  0
   20.1061   38.1844  324.9701 C   0  0  0  0  0  0
   19.5307   39.2047  325.5556 N   0  0  0  0  0  0
   18.3623   39.3807  324.8351 C   0  0  0  0  0  0
   17.3085   40.3050  324.9533 C   0  0  0  0  0  0
   17.2758   41.2743  325.8672 N   0  0  0  0  0  0
   16.2806   40.2008  324.0829 N   0  0  0  0  0  0
   16.3134   39.2345  323.1629 C   0  0  0  0  0  0
   17.2490   38.3026  322.9605 N   0  0  0  0  0  0
   18.2576   38.4350  323.8321 C   0  0  0  0  0  0
  1  2  2  0
  1  3  1  0
  1  4  1  0
  1  8  1  0
  5  6  1  0
  5  7  2  0
  5  8  1  0
  5 12  1  0
  9 10  1  0
  9 11  2  0
  9 12  1  0
  9 13  1  0
 13 14  1  0
 14 15  1  0
 15 16  1  0
 15 17  1  0
 16 21  1  0
 17 18  1  0
 17 19  1  0
 19 20  1  0
 19 21  1  0
 21 22  1  0
 22 23  1  0
 22 31  1  0
 23 24  2  0
 24 25  1  0
 25 26  1  0
 25 31  2  0
 26 27  1  0
 26 28  2  0
 28 29  1  0
 29 30  2  0
 30 31  1  0
M  CHG  4   3  -1   4  -1   6  -1  10  -1
M  END
POSE 5
AGS
                    3D
 
 31 33  0  0  1  0            999 V2000
   28.2698   38.2136  323.7673 P   0  0  0  0  0  0
   27.4923   36.4451  323.9931 S   0  0  0  0  0  0
   28.4513   38.5065  322.2512 O   0  5  0  0  0  0
   29.6532   38.2491  324.4793 O   0  5  0  0  0  0
   26.1045   39.8178  323.5537 P   0  0  0  0  0  0
   26.5178   40.6716  322.4259 O   0  5  0  0  0  0
   25.2286   40.5551  324.5618 O   0  0  0  0  0  0
   27.3390   39.2927  324.3827 O   0  0  0  0  0  0
   24.6601   38.7206  321.6031 P   0  0  0  0  0  0
   25.4812   37.9235  320.6721 O   0  5  0  0  0  0
   24.5615   40.2216  321.3398 O   0  0  0  0  0  0
   25.2437   38.6121  323.0449 O   0  0  0  0  0  0
   23.2528   38.0465  321.7153 O   0  0  0  0  0  0
   22.9241   37.3255  322.9180 C   0  0  0  0  0  0
   22.0388   36.1498  322.5935 C   0  0  1  0  0  0
   21.0005   36.0343  323.5855 O   0  0  0  0  0  0
   21.3006   36.2234  321.2661 C   0  0  1  0  0  0
   20.9812   34.9272  320.7784 O   0  0  0  0  0  0
   20.0282   36.9809  321.6399 C   0  0  1  0  0  0
   18.9173   36.6045  320.8377 O   0  0  0  0  0  0
   19.7795   36.5468  323.0871 C   0  0  2  0  0  0
   19.3844   37.6576  323.9348 N   0  0  0  0  0  0
   20.1061   38.1844  324.9701 C   0  0  0  0  0  0
   19.5307   39.2047  325.5556 N   0  0  0  0  0  0
   18.3623   39.3807  324.8351 C   0  0  0  0  0  0
   17.3085   40.3050  324.9533 C   0  0  0  0  0  0
   17.2758   41.2743  325.8672 N   0  0  0  0  0  0
   16.2806   40.2008  324.0829 N   0  0  0  0  0  0
   16.3134   39.2345  323.1629 C   0  0  0  0  0  0
   17.2490   38.3026  322.9605 N   0  0  0  0  0  0
   18.2576   38.4350  323.8321 C   0  0  0  0  0  0
  1  2  2  0
  1  3  1  0
  1  4  1  0
  1  8  1  0
  5  6  1  0
  5  7  2  0
  5  8  1  0
  5 12  1  0
  9 10  1  0
  9 11  2  0
  9 12  1  0
  9 13  1  0
 13 14  1  0
 14 15  1  0
 15 16  1  0
 15 17  1  0
 16 21  1  0
 17 18  1  0
 17 19  1  0
 19 20  1  0
 19 21  1  0
 21 22  1  0
 22 23  1  0
 22 31  1  0
 23 24  2  0
 24 25  1  0
 25 26  1  0
 25 31  2  0
 26 27  1  0
 26 28  2  0
 28 29  1  0
 29 30  2  0
 30 31  1  0
M  CHG  4   3  -1   4  -1   6  -1  10  -1
M  END
LIGAND 007  MG
POSE 1
 MG
                    3D
 
  1  0  0  0  1  0            999 V2000
   76.6594   53.8436  320.9636 Mg  0  2  0  0  0  0
M  CHG  1   1   2
M  END
POSE 2
 MG
                    3D
 
  1  0  0  0  1  0            999 V2000
   76.6594   53.8436  320.9636 Mg  0  2  0  0  0  0
M  CHG  1   1   2
M  END
POSE 3
 MG
                    3D
 
  1  0  0  0  1  0            999 V2000
   76.6594   53.8436  320.9636 Mg  0  2  0  0  0  0
M  CHG  1   1   2
M  END
POSE 4
 MG
                    3D
 
  1  0  0  0  1  0            999 V2000
   76.6594   53.8436  320.9636 Mg  0  2  0  0  0  0
M  CHG  1   1   2
M  END
POSE 5
 MG
                    3D
 
  1  0  0  0  1  0            999 V2000
   76.6594   53.8436  320.9636 Mg  0  2  0  0  0  0
M  CHG  1   1   2
M  END
LIGAND 008  MG
POSE 1
 MG
                    3D
 
  1  0  0  0  1  0            999 V2000
   64.0600    3.2307  320.9606 Mg  0  2  0  0  0  0
M  CHG  1   1   2
M  END
POSE 2
 MG
                    3D
 
  1  0  0  0  1  0            999 V2000
   64.0600    3.2307  320.9606 Mg  0  2  0  0  0  0
M  CHG  1   1   2
M  END
POSE 3
 MG
                    3D
 
  1  0  0  0  1  0            999 V2000
   64.0600    3.2307  320.9606 Mg  0  2  0  0  0  0
M  CHG  1   1   2
M  END
POSE 4
 MG
                    3D
 
  1  0  0  0  1  0            999 V2000
   64.0600    3.2307  320.9606 Mg  0  2  0  0  0  0
M  CHG  1   1   2
M  END
POSE 5
 MG
                    3D
 
  1  0  0  0  1  0            999 V2000
   64.0600    3.2307  320.9606 Mg  0  2  0  0  0  0
M  CHG  1   1   2
M  END
LIGAND 009  MG
POSE 1
 MG
                    3D
 
  1  0  0  0  1  0            999 V2000
   26.9800   39.2991  320.9637 Mg  0  2  0  0  0  0
M  CHG  1   1   2
M  END
POSE 2
 MG
                    3D
 
  1  0  0  0  1  0            999 V2000
   26.9800   39.2991  320.9637 Mg  0  2  0  0  0  0
M  CHG  1   1   2
M  END
POSE 3
 MG
                    3D
 
  1  0  0  0  1  0            999 V2000
   26.9800   39.2991  320.9637 Mg  0  2  0  0  0  0
M  CHG  1   1   2
M  END
POSE 4
 MG
                    3D
 
  1  0  0  0  1  0            999 V2000
   26.9800   39.2991  320.9637 Mg  0  2  0  0  0  0
M  CHG  1   1   2
M  END
POSE 5
 MG
                    3D
 
  1  0  0  0  1  0            999 V2000
   26.9800   39.2991  320.9637 Mg  0  2  0  0  0  0
M  CHG  1   1   2
M  END
END
