PFRMAT LG
TARGET T1186
MODEL 1
LIGAND 001 LIG
POSE 1
LIG
                    3D
 
 30 32  0  0  1  0            999 V2000
   10.4957    4.5252  -12.3407 C   0  0  0  0  0  0
    9.5715    3.8255  -11.3776 C   0  0  0  0  0  0
    9.9756    3.8811  -10.0904 O   0  0  0  0  0  0
    9.1926    3.0095   -9.3513 N   0  0  0  0  0  0
    8.3721    2.4261  -10.1996 C   0  0  0  0  0  0
    8.4240    3.0463  -11.4645 C   0  0  0  0  0  0
    7.6918    2.7263  -12.6478 C   0  0  0  0  0  0
    8.2956    2.5448  -13.7046 O   0  0  0  0  0  0
    6.3628    2.5521  -12.5091 N   0  0  0  0  0  0
    5.5284    1.7545  -13.4480 C   0  0  2  0  0  0
    4.8574    2.5199  -14.6703 C   0  0  0  0  0  0
    4.8421    1.6655  -15.7393 O   0  0  0  0  0  0
    4.5880    0.6756  -12.7970 C   0  0  2  0  0  0
    4.8372    0.1355  -11.4676 N   0  0  0  0  0  0
    4.2548   -1.2310  -11.2901 C   0  0  1  0  0  0
    3.4509   -1.4083   -9.9574 C   0  0  0  0  0  0
    2.5552   -0.5642   -9.7277 O   0  5  0  0  0  0
    3.7075   -2.4702   -9.3497 O   0  0  0  0  0  0
    3.4069   -1.6419  -12.5207 C   0  0  0  0  0  0
    1.9681   -1.0611  -12.6230 C   0  0  0  0  0  0
    3.3653   -3.1609  -12.7331 C   0  0  0  0  0  0
    4.5009   -0.8452  -13.7203 S   0  0  0  0  0  0
    7.6548    1.2042   -9.7156 C   0  0  0  0  0  0
    7.9151   -0.0488  -10.3079 C   0  0  0  0  0  0
    8.9675   -0.2345  -11.6706 Cl  0  0  0  0  0  0
    7.3684   -1.2098   -9.7628 C   0  0  0  0  0  0
    6.5591   -1.1437   -8.6331 C   0  0  0  0  0  0
    6.2786    0.0884   -8.0512 C   0  0  0  0  0  0
    6.8282    1.2567   -8.5772 C   0  0  0  0  0  0
    6.4819    2.7451   -7.7663 Cl  0  0  0  0  0  0
  1  2  1  0  0  0
  2  6  2  0  0  0
  2  3  1  0  0  0
  3  4  1  0  0  0
  4  5  2  0  0  0
  5  6  1  0  0  0
  5 23  1  0  0  0
  6  7  1  0  0  0
  7  8  2  0  0  0
  7  9  1  0  0  0
  9 10  1  0  0  0
 10 11  1  0  0  0
 10 13  1  0  0  0
 11 12  1  0  0  0
 13 22  1  0  0  0
 13 14  1  0  0  0
 14 15  1  0  0  0
 15 16  1  0  0  0
 15 19  1  0  0  0
 16 17  1  0  0  0
 16 18  2  0  0  0
 19 20  1  0  0  0
 19 21  1  0  0  0
 19 22  1  0  0  0
 23 29  1  0  0  0
 23 24  2  0  0  0
 24 25  1  0  0  0
 24 26  1  0  0  0
 26 27  2  0  0  0
 27 28  1  0  0  0
 28 29  2  0  0  0
 29 30  1  0  0  0
M  CHG  1  17  -1
M  END
POSE 2
LIG
                    3D
 
 30 32  0  0  1  0            999 V2000
   10.3982    4.4587  -12.2888 C   0  0  0  0  0  0
    9.4683    3.7157  -11.3634 C   0  0  0  0  0  0
    9.8664    3.7206  -10.0731 O   0  0  0  0  0  0
    9.0742    2.8292   -9.3690 N   0  0  0  0  0  0
    8.2440    2.2917  -10.2376 C   0  0  0  0  0  0
    8.3208    2.9390  -11.4880 C   0  0  0  0  0  0
    7.6074    2.6483  -12.6932 C   0  0  0  0  0  0
    8.2300    2.5272  -13.7472 O   0  0  0  0  0  0
    6.2821    2.4226  -12.5850 N   0  0  0  0  0  0
    5.4887    1.6657  -13.5975 C   0  0  2  0  0  0
    4.8796    2.4777  -14.7956 C   0  0  0  0  0  0
    4.8147    1.6039  -15.8394 O   0  0  0  0  0  0
    4.4786    0.5747  -13.0883 C   0  0  2  0  0  0
    4.4141    0.2690  -11.6920 N   0  0  0  0  0  0
    3.3805   -0.7451  -11.4009 C   0  0  1  0  0  0
    1.9377   -0.0894  -11.3427 C   0  0  0  0  0  0
    1.4438    0.3415  -12.4102 O   0  5  0  0  0  0
    1.4694   -0.0081  -10.1846 O   0  0  0  0  0  0
    3.6190   -1.9010  -12.4107 C   0  0  0  0  0  0
    2.3768   -2.5247  -13.0637 C   0  0  0  0  0  0
    4.3968   -3.0243  -11.7063 C   0  0  0  0  0  0
    4.7028   -1.1040  -13.6653 S   0  0  0  0  0  0
    7.4755    1.0874   -9.7919 C   0  0  0  0  0  0
    7.6787   -0.1532  -10.4275 C   0  0  0  0  0  0
    8.7685   -0.3498  -11.7592 Cl  0  0  0  0  0  0
    7.0484   -1.2977   -9.9454 C   0  0  0  0  0  0
    6.1888   -1.2267   -8.8536 C   0  0  0  0  0  0
    5.9877   -0.0086   -8.2119 C   0  0  0  0  0  0
    6.6413    1.1399   -8.6590 C   0  0  0  0  0  0
    6.4061    2.6031   -7.7638 Cl  0  0  0  0  0  0
  1  2  1  0  0  0
  2  6  2  0  0  0
  2  3  1  0  0  0
  3  4  1  0  0  0
  4  5  2  0  0  0
  5  6  1  0  0  0
  5 23  1  0  0  0
  6  7  1  0  0  0
  7  8  2  0  0  0
  7  9  1  0  0  0
  9 10  1  0  0  0
 10 11  1  0  0  0
 10 13  1  0  0  0
 11 12  1  0  0  0
 13 22  1  0  0  0
 13 14  1  0  0  0
 14 15  1  0  0  0
 15 16  1  0  0  0
 15 19  1  0  0  0
 16 17  1  0  0  0
 16 18  2  0  0  0
 19 20  1  0  0  0
 19 21  1  0  0  0
 19 22  1  0  0  0
 23 29  1  0  0  0
 23 24  2  0  0  0
 24 25  1  0  0  0
 24 26  1  0  0  0
 26 27  2  0  0  0
 27 28  1  0  0  0
 28 29  2  0  0  0
 29 30  1  0  0  0
M  CHG  1  17  -1
M  END
POSE 3
LIG
                    3D
 
 30 32  0  0  1  0            999 V2000
    6.3900   -0.7231  -10.2699 C   0  0  0  0  0  0
    7.4766    0.2954  -10.2190 C   0  0  0  0  0  0
    8.1411    0.3040   -9.0458 O   0  0  0  0  0  0
    9.2022    1.1773   -9.1613 N   0  0  0  0  0  0
    9.1870    1.6399  -10.3934 C   0  0  0  0  0  0
    8.0022    1.2480  -11.0868 C   0  0  0  0  0  0
    7.5213    1.5699  -12.4252 C   0  0  0  0  0  0
    8.2971    1.7128  -13.3668 O   0  0  0  0  0  0
    6.1813    1.7173  -12.5120 N   0  0  0  0  0  0
    5.2300    1.5835  -13.6706 C   0  0  2  0  0  0
    4.2450    2.7988  -14.0053 C   0  0  0  0  0  0
    4.7471    4.0367  -13.7928 O   0  0  0  0  0  0
    4.2636    0.3978  -13.3086 C   0  0  2  0  0  0
    3.9148    0.3525  -11.9140 N   0  0  0  0  0  0
    3.0045   -0.7185  -11.5261 C   0  0  1  0  0  0
    1.5506   -0.1352  -11.6619 C   0  0  0  0  0  0
    1.2444    0.3469  -12.7779 O   0  5  0  0  0  0
    0.9582   -0.0160  -10.5674 O   0  0  0  0  0  0
    3.4328   -1.9747  -12.3554 C   0  0  0  0  0  0
    2.3256   -2.6372  -13.1602 C   0  0  0  0  0  0
    4.0465   -3.0673  -11.4562 C   0  0  0  0  0  0
    4.7346   -1.3053  -13.4821 S   0  0  0  0  0  0
   10.3577    2.5164  -10.7373 C   0  0  0  0  0  0
   10.1396    3.8202  -11.1890 C   0  0  0  0  0  0
    8.5413    4.4047  -11.3465 Cl  0  0  0  0  0  0
   11.2042    4.6740  -11.4787 C   0  0  0  0  0  0
   12.5136    4.2391  -11.3009 C   0  0  0  0  0  0
   12.7552    2.9504  -10.8341 C   0  0  0  0  0  0
   11.6919    2.0897  -10.5523 C   0  0  0  0  0  0
   12.0859    0.4731  -10.0740 Cl  0  0  0  0  0  0
  1  2  1  0  0  0
  2  6  2  0  0  0
  2  3  1  0  0  0
  3  4  1  0  0  0
  4  5  2  0  0  0
  5  6  1  0  0  0
  5 23  1  0  0  0
  6  7  1  0  0  0
  7  8  2  0  0  0
  7  9  1  0  0  0
  9 10  1  0  0  0
 10 11  1  0  0  0
 10 13  1  0  0  0
 11 12  1  0  0  0
 13 22  1  0  0  0
 13 14  1  0  0  0
 14 15  1  0  0  0
 15 16  1  0  0  0
 15 19  1  0  0  0
 16 17  1  0  0  0
 16 18  2  0  0  0
 19 20  1  0  0  0
 19 21  1  0  0  0
 19 22  1  0  0  0
 23 29  1  0  0  0
 23 24  2  0  0  0
 24 25  1  0  0  0
 24 26  1  0  0  0
 26 27  2  0  0  0
 27 28  1  0  0  0
 28 29  2  0  0  0
 29 30  1  0  0  0
M  CHG  1  17  -1
M  END
POSE 4
LIG
                    3D
 
 30 32  0  0  1  0            999 V2000
   10.5321    4.5299  -12.4411 C   0  0  0  0  0  0
    9.5515    3.8566  -11.5153 C   0  0  0  0  0  0
    9.8742    3.9656  -10.2108 O   0  0  0  0  0  0
    9.0490    3.1187   -9.4933 N   0  0  0  0  0  0
    8.2764    2.4983  -10.3609 C   0  0  0  0  0  0
    8.4147    3.0638  -11.6502 C   0  0  0  0  0  0
    7.7821    2.7250  -12.8905 C   0  0  0  0  0  0
    8.4881    2.5246  -13.8659 O   0  0  0  0  0  0
    6.4428    2.6492  -12.9087 N   0  0  0  0  0  0
    5.5543    2.1745  -14.0271 C   0  0  2  0  0  0
    4.7302    3.3261  -14.7113 C   0  0  0  0  0  0
    5.5151    4.2408  -15.3542 O   0  0  0  0  0  0
    4.5831    1.0138  -13.5857 C   0  0  2  0  0  0
    4.3853    0.8694  -12.1758 N   0  0  0  0  0  0
    3.5483   -0.2897  -11.8090 C   0  0  1  0  0  0
    2.0116    0.0859  -11.8272 C   0  0  0  0  0  0
    1.5737    0.6995  -12.8294 O   0  5  0  0  0  0
    1.4007   -0.2500  -10.7882 O   0  0  0  0  0  0
    4.0071   -1.4997  -12.6700 C   0  0  0  0  0  0
    2.8712   -2.4442  -13.1296 C   0  0  0  0  0  0
    5.0198   -2.3457  -11.8812 C   0  0  0  0  0  0
    4.9708   -0.6820  -14.0209 S   0  0  0  0  0  0
    7.5334    1.3022   -9.8397 C   0  0  0  0  0  0
    7.7844    0.0249  -10.3801 C   0  0  0  0  0  0
    8.8445   -0.2278  -11.7255 Cl  0  0  0  0  0  0
    7.2390   -1.1104   -9.7809 C   0  0  0  0  0  0
    6.3952   -1.0002   -8.6824 C   0  0  0  0  0  0
    6.1394    0.2517   -8.1378 C   0  0  0  0  0  0
    6.7254    1.3914   -8.6863 C   0  0  0  0  0  0
    6.4572    2.8847   -7.8584 Cl  0  0  0  0  0  0
  1  2  1  0  0  0
  2  6  2  0  0  0
  2  3  1  0  0  0
  3  4  1  0  0  0
  4  5  2  0  0  0
  5  6  1  0  0  0
  5 23  1  0  0  0
  6  7  1  0  0  0
  7  8  2  0  0  0
  7  9  1  0  0  0
  9 10  1  0  0  0
 10 11  1  0  0  0
 10 13  1  0  0  0
 11 12  1  0  0  0
 13 22  1  0  0  0
 13 14  1  0  0  0
 14 15  1  0  0  0
 15 16  1  0  0  0
 15 19  1  0  0  0
 16 17  1  0  0  0
 16 18  2  0  0  0
 19 20  1  0  0  0
 19 21  1  0  0  0
 19 22  1  0  0  0
 23 29  1  0  0  0
 23 24  2  0  0  0
 24 25  1  0  0  0
 24 26  1  0  0  0
 26 27  2  0  0  0
 27 28  1  0  0  0
 28 29  2  0  0  0
 29 30  1  0  0  0
M  CHG  1  17  -1
M  END
POSE 5
LIG
                    3D
 
 30 32  0  0  1  0            999 V2000
    1.3154    0.9833  -12.8748 C   0  0  0  0  0  0
    1.8991   -0.3042  -12.3897 C   0  0  0  0  0  0
    1.0384   -1.1816  -11.8377 O   0  0  0  0  0  0
    1.7661   -2.2923  -11.4367 N   0  0  0  0  0  0
    3.0333   -2.0637  -11.7118 C   0  0  0  0  0  0
    3.1628   -0.8308  -12.3824 C   0  0  0  0  0  0
    4.2783   -0.2203  -13.0027 C   0  0  0  0  0  0
    4.9828   -0.8259  -13.7946 O   0  0  0  0  0  0
    4.4124    1.0818  -12.7040 N   0  0  0  0  0  0
    5.3610    2.0443  -13.3067 C   0  0  2  0  0  0
    4.8345    2.6497  -14.6681 C   0  0  0  0  0  0
    5.6382    3.6268  -15.1910 O   0  0  0  0  0  0
    6.8624    1.5165  -13.1818 C   0  0  2  0  0  0
    7.0961    0.9289  -11.8665 N   0  0  0  0  0  0
    7.3228    2.0420  -10.9140 C   0  0  1  0  0  0
    7.3495    1.5969   -9.4165 C   0  0  0  0  0  0
    8.0131    0.5722   -9.1433 O   0  5  0  0  0  0
    6.6471    2.3231   -8.6802 O   0  0  0  0  0  0
    8.6003    2.7483  -11.4193 C   0  0  0  0  0  0
    9.9131    2.0636  -10.9845 C   0  0  0  0  0  0
    8.6908    4.2172  -11.0524 C   0  0  0  0  0  0
    8.2464    2.7008  -13.2329 S   0  0  0  0  0  0
    4.0426   -3.0603  -11.2130 C   0  0  0  0  0  0
    5.1344   -2.6288  -10.4372 C   0  0  0  0  0  0
    5.3009   -0.9902   -9.9344 Cl  0  0  0  0  0  0
    6.0704   -3.5378   -9.9461 C   0  0  0  0  0  0
    5.9054   -4.9000  -10.1640 C   0  0  0  0  0  0
    4.7909   -5.3519  -10.8611 C   0  0  0  0  0  0
    3.8636   -4.4490  -11.3856 C   0  0  0  0  0  0
    2.5012   -5.1163  -12.2248 Cl  0  0  0  0  0  0
  1  2  1  0  0  0
  2  6  2  0  0  0
  2  3  1  0  0  0
  3  4  1  0  0  0
  4  5  2  0  0  0
  5  6  1  0  0  0
  5 23  1  0  0  0
  6  7  1  0  0  0
  7  8  2  0  0  0
  7  9  1  0  0  0
  9 10  1  0  0  0
 10 11  1  0  0  0
 10 13  1  0  0  0
 11 12  1  0  0  0
 13 22  1  0  0  0
 13 14  1  0  0  0
 14 15  1  0  0  0
 15 16  1  0  0  0
 15 19  1  0  0  0
 16 17  1  0  0  0
 16 18  2  0  0  0
 19 20  1  0  0  0
 19 21  1  0  0  0
 19 22  1  0  0  0
 23 29  1  0  0  0
 23 24  2  0  0  0
 24 25  1  0  0  0
 24 26  1  0  0  0
 26 27  2  0  0  0
 27 28  1  0  0  0
 28 29  2  0  0  0
 29 30  1  0  0  0
M  CHG  1  17  -1
M  END
END
