PFRMAT LG
TARGET T1187
MODEL 1
LIGAND 001 NAG
POSE 1
NAG
     RDKit          3D

 43 45  0  0  1  0  0  0  0  0999 V2000
  -10.3803   -3.2644  -11.9590 C   0  0  0  0  0  0  0  0  0  0  0  0
  -10.6630   -4.5581  -11.2056 C   0  0  0  0  0  0  0  0  0  0  0  0
  -10.1397   -4.7583  -10.1105 O   0  0  0  0  0  0  0  0  0  0  0  0
  -11.4895   -5.4281  -11.8059 N   0  0  0  0  0  0  0  0  0  0  0  0
  -11.9705   -6.7072  -11.2755 C   0  0  1  0  0  0  0  0  0  0  0  0
  -10.7998   -7.6842  -10.9743 C   0  0  2  0  0  0  0  0  0  0  0  0
  -10.1673   -7.9607  -12.1841 O   0  0  0  0  0  0  0  0  0  0  0  0
   -8.9955   -8.7698  -12.0790 C   0  0  2  0  0  0  0  0  0  0  0  0
   -7.8640   -8.0006  -12.7836 C   0  0  1  0  0  0  0  0  0  0  0  0
   -7.4837   -6.7117  -12.0322 C   0  0  0  0  0  0  0  0  0  0  0  0
   -7.1799   -5.6796  -12.9425 O   0  0  0  0  0  0  0  0  0  0  0  0
   -6.7178   -8.8391  -12.8237 O   0  0  0  0  0  0  0  0  0  0  0  0
   -6.8498   -9.9821  -13.6118 C   0  0  1  0  0  0  0  0  0  0  0  0
   -5.6485  -10.6984  -13.6345 O   0  0  0  0  0  0  0  0  0  0  0  0
   -4.6244  -10.1843  -14.4878 C   0  0  2  0  0  0  0  0  0  0  0  0
   -3.9908  -11.4124  -15.1670 C   0  0  1  0  0  0  0  0  0  0  0  0
   -4.9889  -12.1879  -16.0366 C   0  0  0  0  0  0  0  0  0  0  0  0
   -4.3803  -13.3287  -16.6072 O   0  0  0  0  0  0  0  0  0  0  0  0
   -2.9284  -10.9647  -15.9940 O   0  0  0  0  0  0  0  0  0  0  0  0
   -1.8284  -10.4739  -15.3002 C   0  0  1  0  0  0  0  0  0  0  0  0
   -0.7810  -10.1901  -16.2017 O   0  0  0  0  0  0  0  0  0  0  0  0
   -2.2739   -9.1877  -14.5604 C   0  0  2  0  0  0  0  0  0  0  0  0
   -1.1617   -8.5235  -13.8663 N   0  0  0  0  0  0  0  0  0  0  0  0
   -0.4893   -8.8269  -12.7405 C   0  0  0  0  0  0  0  0  0  0  0  0
   -0.9109   -9.9948  -11.8538 C   0  0  0  0  0  0  0  0  0  0  0  0
    0.4789   -8.1558  -12.3965 O   0  0  0  0  0  0  0  0  0  0  0  0
   -3.5127   -9.4965  -13.6717 C   0  0  1  0  0  0  0  0  0  0  0  0
   -3.9974   -8.2684  -13.1950 O   0  0  0  0  0  0  0  0  0  0  0  0
   -7.9351  -10.8991  -12.9803 C   0  0  2  0  0  0  0  0  0  0  0  0
   -8.1369  -12.1301  -13.7662 N   0  0  0  0  0  0  0  0  0  0  0  0
   -8.5320  -12.2296  -15.0466 C   0  0  0  0  0  0  0  0  0  0  0  0
   -8.6990  -13.6428  -15.5935 C   0  0  0  0  0  0  0  0  0  0  0  0
   -8.7384  -11.2621  -15.7776 O   0  0  0  0  0  0  0  0  0  0  0  0
   -9.2537  -10.0991  -12.8127 C   0  0  1  0  0  0  0  0  0  0  0  0
  -10.1363  -10.8635  -12.0138 O   0  0  0  0  0  0  0  0  0  0  0  0
  -11.3110   -8.8586  -10.4224 O   0  0  0  0  0  0  0  0  0  0  0  0
  -11.9454   -8.6826   -9.1615 C   0  0  2  0  0  0  0  0  0  0  0  0
  -12.2056  -10.0902   -8.5994 C   0  0  0  0  0  0  0  0  0  0  0  0
  -12.1140  -10.0638   -7.1933 O   0  0  0  0  0  0  0  0  0  0  0  0
  -13.2239   -7.8568   -9.4113 C   0  0  1  0  0  0  0  0  0  0  0  0
  -13.9793   -7.6639   -8.2259 O   0  0  0  0  0  0  0  0  0  0  0  0
  -12.8413   -6.4974  -10.0113 C   0  0  2  0  0  0  0  0  0  0  0  0
  -14.0386   -5.8427  -10.4050 O   0  0  0  0  0  0  0  0  0  0  0  0
  1  2  1  0
  2  3  2  0
  2  4  1  0
  5  4  1  1
  5 42  1  0
  5  6  1  0
  6  7  1  6
  6 36  1  0
  8  7  1  6
  8 34  1  0
  8  9  1  0
  9 10  1  1
  9 12  1  0
 10 11  1  0
 12 13  1  0
 13 14  1  1
 13 29  1  0
 15 14  1  1
 15 27  1  0
 15 16  1  0
 16 17  1  6
 16 19  1  0
 17 18  1  0
 19 20  1  0
 20 21  1  6
 20 22  1  0
 22 23  1  1
 22 27  1  0
 23 24  1  0
 24 25  1  0
 24 26  2  0
 27 28  1  6
 29 30  1  6
 29 34  1  0
 30 31  1  0
 31 32  1  0
 31 33  2  0
 34 35  1  1
 36 37  1  0
 37 38  1  6
 37 40  1  0
 38 39  1  0
 40 41  1  1
 40 42  1  0
 42 43  1  6
M  END
POSE 2
NAG
     RDKit          3D

 43 45  0  0  1  0  0  0  0  0999 V2000
  -11.3360  -13.5407  -22.6563 C   0  0  0  0  0  0  0  0  0  0  0  0
  -11.1770  -14.5197  -21.4993 C   0  0  0  0  0  0  0  0  0  0  0  0
  -10.3804  -15.4522  -21.5942 O   0  0  0  0  0  0  0  0  0  0  0  0
  -11.9326  -14.2799  -20.4192 N   0  0  0  0  0  0  0  0  0  0  0  0
  -11.9878  -15.0941  -19.2036 C   0  0  1  0  0  0  0  0  0  0  0  0
  -11.9027  -14.1478  -17.9878 C   0  0  2  0  0  0  0  0  0  0  0  0
  -10.6721  -13.5037  -17.9907 O   0  0  0  0  0  0  0  0  0  0  0  0
  -10.5227  -12.5473  -16.9409 C   0  0  2  0  0  0  0  0  0  0  0  0
  -10.3477  -11.1793  -17.6265 C   0  0  1  0  0  0  0  0  0  0  0  0
  -11.6266  -10.6456  -18.2878 C   0  0  0  0  0  0  0  0  0  0  0  0
  -11.2896   -9.5723  -19.1401 O   0  0  0  0  0  0  0  0  0  0  0  0
   -9.9802  -10.2317  -16.6382 O   0  0  0  0  0  0  0  0  0  0  0  0
   -8.7265  -10.4485  -16.0781 C   0  0  1  0  0  0  0  0  0  0  0  0
   -8.4314   -9.4222  -15.1941 O   0  0  0  0  0  0  0  0  0  0  0  0
   -8.1263   -8.1578  -15.7614 C   0  0  2  0  0  0  0  0  0  0  0  0
   -6.6160   -7.9388  -15.4839 C   0  0  1  0  0  0  0  0  0  0  0  0
   -5.6599   -8.6847  -16.4353 C   0  0  0  0  0  0  0  0  0  0  0  0
   -5.9803   -8.4598  -17.7975 O   0  0  0  0  0  0  0  0  0  0  0  0
   -6.2648   -6.5588  -15.4841 O   0  0  0  0  0  0  0  0  0  0  0  0
   -6.9532   -5.8141  -14.5290 C   0  0  1  0  0  0  0  0  0  0  0  0
   -6.3804   -4.5373  -14.3942 O   0  0  0  0  0  0  0  0  0  0  0  0
   -8.4285   -5.7207  -14.9764 C   0  0  2  0  0  0  0  0  0  0  0  0
   -9.2026   -4.9172  -14.0271 N   0  0  0  0  0  0  0  0  0  0  0  0
   -9.5745   -3.6423  -14.2168 C   0  0  0  0  0  0  0  0  0  0  0  0
  -10.4650   -3.0305  -13.1421 C   0  0  0  0  0  0  0  0  0  0  0  0
   -9.2385   -2.9752  -15.1940 O   0  0  0  0  0  0  0  0  0  0  0  0
   -9.0065   -7.1546  -14.9850 C   0  0  1  0  0  0  0  0  0  0  0  0
  -10.2809   -7.1084  -15.6028 O   0  0  0  0  0  0  0  0  0  0  0  0
   -8.7498  -11.7603  -15.2519 C   0  0  2  0  0  0  0  0  0  0  0  0
   -7.3859  -12.0715  -14.8230 N   0  0  0  0  0  0  0  0  0  0  0  0
   -6.7879  -11.6124  -13.7163 C   0  0  0  0  0  0  0  0  0  0  0  0
   -5.3344  -12.0202  -13.5327 C   0  0  0  0  0  0  0  0  0  0  0  0
   -7.3377  -10.8889  -12.8882 O   0  0  0  0  0  0  0  0  0  0  0  0
   -9.2656  -12.9300  -16.1212 C   0  0  1  0  0  0  0  0  0  0  0  0
   -9.6239  -13.9718  -15.2239 O   0  0  0  0  0  0  0  0  0  0  0  0
  -12.0439  -14.9036  -16.8361 O   0  0  0  0  0  0  0  0  0  0  0  0
  -13.3575  -15.3978  -16.6644 C   0  0  2  0  0  0  0  0  0  0  0  0
  -13.4489  -15.8849  -15.2166 C   0  0  0  0  0  0  0  0  0  0  0  0
  -14.7650  -15.6638  -14.7753 O   0  0  0  0  0  0  0  0  0  0  0  0
  -13.6126  -16.4645  -17.7496 C   0  0  1  0  0  0  0  0  0  0  0  0
  -14.9711  -16.8628  -17.6961 O   0  0  0  0  0  0  0  0  0  0  0  0
  -13.3478  -15.8359  -19.1393 C   0  0  2  0  0  0  0  0  0  0  0  0
  -13.3350  -16.8642  -20.1069 O   0  0  0  0  0  0  0  0  0  0  0  0
  1  2  1  0
  2  3  2  0
  2  4  1  0
  5  4  1  6
  5 42  1  0
  5  6  1  0
  6  7  1  1
  6 36  1  0
  8  7  1  6
  8 34  1  0
  8  9  1  0
  9 10  1  1
  9 12  1  0
 10 11  1  0
 12 13  1  0
 13 14  1  1
 13 29  1  0
 15 14  1  1
 15 27  1  0
 15 16  1  0
 16 17  1  6
 16 19  1  0
 17 18  1  0
 19 20  1  0
 20 21  1  6
 20 22  1  0
 22 23  1  1
 22 27  1  0
 23 24  1  0
 24 25  1  0
 24 26  2  0
 27 28  1  6
 29 30  1  6
 29 34  1  0
 30 31  1  0
 31 32  1  0
 31 33  2  0
 34 35  1  1
 36 37  1  0
 37 38  1  1
 37 40  1  0
 38 39  1  0
 40 41  1  6
 40 42  1  0
 42 43  1  6
M  END
POSE 3
NAG
     RDKit          3D

 43 45  0  0  1  0  0  0  0  0999 V2000
  -11.8614   -5.2591  -18.6135 C   0  0  0  0  0  0  0  0  0  0  0  0
  -11.9372   -5.4052  -17.1023 C   0  0  0  0  0  0  0  0  0  0  0  0
  -12.0810   -6.5230  -16.6063 O   0  0  0  0  0  0  0  0  0  0  0  0
  -11.8461   -4.2730  -16.3848 N   0  0  0  0  0  0  0  0  0  0  0  0
  -11.9960   -4.1792  -14.9295 C   0  0  1  0  0  0  0  0  0  0  0  0
  -10.6264   -4.3856  -14.2276 C   0  0  2  0  0  0  0  0  0  0  0  0
  -10.2653   -5.6996  -14.4663 O   0  0  0  0  0  0  0  0  0  0  0  0
   -9.0602   -6.1481  -13.8749 C   0  0  2  0  0  0  0  0  0  0  0  0
   -8.2482   -6.7270  -15.0469 C   0  0  1  0  0  0  0  0  0  0  0  0
   -7.6021   -5.6086  -15.8799 C   0  0  0  0  0  0  0  0  0  0  0  0
   -7.1872   -6.0953  -17.1380 O   0  0  0  0  0  0  0  0  0  0  0  0
   -7.2020   -7.5234  -14.5172 O   0  0  0  0  0  0  0  0  0  0  0  0
   -7.6520   -8.6498  -13.8334 C   0  0  1  0  0  0  0  0  0  0  0  0
   -6.5883   -9.4962  -13.5371 O   0  0  0  0  0  0  0  0  0  0  0  0
   -5.9250  -10.0383  -14.6782 C   0  0  2  0  0  0  0  0  0  0  0  0
   -5.7125  -11.5373  -14.3871 C   0  0  1  0  0  0  0  0  0  0  0  0
   -6.9863  -12.3985  -14.5416 C   0  0  0  0  0  0  0  0  0  0  0  0
   -7.7600  -12.4633  -13.3557 O   0  0  0  0  0  0  0  0  0  0  0  0
   -4.7847  -12.0240  -15.3429 O   0  0  0  0  0  0  0  0  0  0  0  0
   -3.4923  -11.5353  -15.1894 C   0  0  1  0  0  0  0  0  0  0  0  0
   -2.6150  -12.2873  -15.9921 O   0  0  0  0  0  0  0  0  0  0  0  0
   -3.4773  -10.0453  -15.6018 C   0  0  2  0  0  0  0  0  0  0  0  0
   -2.2028   -9.4243  -15.2360 N   0  0  0  0  0  0  0  0  0  0  0  0
   -1.1134   -9.3100  -16.0073 C   0  0  0  0  0  0  0  0  0  0  0  0
    0.0027   -8.4422  -15.4363 C   0  0  0  0  0  0  0  0  0  0  0  0
   -0.9909   -9.8401  -17.1154 O   0  0  0  0  0  0  0  0  0  0  0  0
   -4.5712   -9.2877  -14.8091 C   0  0  1  0  0  0  0  0  0  0  0  0
   -4.8085   -8.0851  -15.5146 O   0  0  0  0  0  0  0  0  0  0  0  0
   -8.2883   -8.1773  -12.5107 C   0  0  2  0  0  0  0  0  0  0  0  0
   -8.7724   -9.3509  -11.7864 N   0  0  0  0  0  0  0  0  0  0  0  0
   -8.5818   -9.5920  -10.4836 C   0  0  0  0  0  0  0  0  0  0  0  0
   -9.1792  -10.8830   -9.9482 C   0  0  0  0  0  0  0  0  0  0  0  0
   -7.9683   -8.8412   -9.7325 O   0  0  0  0  0  0  0  0  0  0  0  0
   -9.4659   -7.2371  -12.8566 C   0  0  1  0  0  0  0  0  0  0  0  0
   -9.8687   -6.5602  -11.6798 O   0  0  0  0  0  0  0  0  0  0  0  0
  -10.7487   -4.1775  -12.8530 O   0  0  0  0  0  0  0  0  0  0  0  0
  -11.1545   -2.8688  -12.4738 C   0  0  2  0  0  0  0  0  0  0  0  0
  -10.9965   -2.7689  -10.9442 C   0  0  0  0  0  0  0  0  0  0  0  0
  -11.8293   -3.6679  -10.2453 O   0  0  0  0  0  0  0  0  0  0  0  0
  -12.5645   -2.5986  -13.0365 C   0  0  1  0  0  0  0  0  0  0  0  0
  -12.9878   -1.2681  -12.7941 O   0  0  0  0  0  0  0  0  0  0  0  0
  -12.5433   -2.7873  -14.5594 C   0  0  2  0  0  0  0  0  0  0  0  0
  -13.8844   -2.6901  -15.0027 O   0  0  0  0  0  0  0  0  0  0  0  0
  1  2  1  0
  2  3  2  0
  2  4  1  0
  5  4  1  6
  5 42  1  0
  5  6  1  0
  6  7  1  1
  6 36  1  0
  8  7  1  6
  8 34  1  0
  8  9  1  0
  9 10  1  1
  9 12  1  0
 10 11  1  0
 12 13  1  0
 13 14  1  1
 13 29  1  0
 15 14  1  1
 15 27  1  0
 15 16  1  0
 16 17  1  6
 16 19  1  0
 17 18  1  0
 19 20  1  0
 20 21  1  6
 20 22  1  0
 22 23  1  1
 22 27  1  0
 23 24  1  0
 24 25  1  0
 24 26  2  0
 27 28  1  6
 29 30  1  6
 29 34  1  0
 30 31  1  0
 31 32  1  0
 31 33  2  0
 34 35  1  1
 36 37  1  0
 37 38  1  1
 37 40  1  0
 38 39  1  0
 40 41  1  6
 40 42  1  0
 42 43  1  1
M  END
POSE 4
NAG
     RDKit          3D

 43 45  0  0  1  0  0  0  0  0999 V2000
  -12.3807  -11.8021  -20.9727 C   0  0  0  0  0  0  0  0  0  0  0  0
  -11.5516  -12.9963  -20.5184 C   0  0  0  0  0  0  0  0  0  0  0  0
  -10.7802  -13.5440  -21.3025 O   0  0  0  0  0  0  0  0  0  0  0  0
  -11.7132  -13.3796  -19.2458 N   0  0  0  0  0  0  0  0  0  0  0  0
  -11.0674  -14.5281  -18.6110 C   0  0  1  0  0  0  0  0  0  0  0  0
  -10.5914  -14.0881  -17.2039 C   0  0  2  0  0  0  0  0  0  0  0  0
   -9.5813  -13.1146  -17.2876 O   0  0  0  0  0  0  0  0  0  0  0  0
   -8.9827  -12.7077  -16.0486 C   0  0  2  0  0  0  0  0  0  0  0  0
   -9.7224  -11.4602  -15.5188 C   0  0  1  0  0  0  0  0  0  0  0  0
  -11.1559  -11.7068  -15.0321 C   0  0  0  0  0  0  0  0  0  0  0  0
  -11.2410  -12.9654  -14.3943 O   0  0  0  0  0  0  0  0  0  0  0  0
   -9.0428  -10.9646  -14.3878 O   0  0  0  0  0  0  0  0  0  0  0  0
   -7.7692  -10.4637  -14.6122 C   0  0  1  0  0  0  0  0  0  0  0  0
   -7.2431   -9.9328  -13.4342 O   0  0  0  0  0  0  0  0  0  0  0  0
   -8.1199   -9.1094  -12.6643 C   0  0  2  0  0  0  0  0  0  0  0  0
   -7.3300   -7.8307  -12.2984 C   0  0  1  0  0  0  0  0  0  0  0  0
   -7.0831   -6.8624  -13.4725 C   0  0  0  0  0  0  0  0  0  0  0  0
   -8.2224   -6.6994  -14.2965 O   0  0  0  0  0  0  0  0  0  0  0  0
   -7.9780   -7.0977  -11.2620 O   0  0  0  0  0  0  0  0  0  0  0  0
   -8.1237   -7.7898  -10.0638 C   0  0  1  0  0  0  0  0  0  0  0  0
   -8.6597   -6.9384   -9.0782 O   0  0  0  0  0  0  0  0  0  0  0  0
   -9.0725   -8.9855  -10.2996 C   0  0  2  0  0  0  0  0  0  0  0  0
   -9.2175   -9.7725   -9.0751 N   0  0  0  0  0  0  0  0  0  0  0  0
  -10.3583   -9.9178   -8.3915 C   0  0  0  0  0  0  0  0  0  0  0  0
  -10.3220  -10.8976   -7.2281 C   0  0  0  0  0  0  0  0  0  0  0  0
  -11.3974   -9.3172   -8.6586 O   0  0  0  0  0  0  0  0  0  0  0  0
   -8.4721   -9.8956  -11.3844 C   0  0  1  0  0  0  0  0  0  0  0  0
   -9.4665  -10.8635  -11.6619 O   0  0  0  0  0  0  0  0  0  0  0  0
   -6.8664  -11.6452  -15.0495 C   0  0  2  0  0  0  0  0  0  0  0  0
   -5.5336  -11.1629  -15.4136 N   0  0  0  0  0  0  0  0  0  0  0  0
   -4.5057  -11.0051  -14.5667 C   0  0  0  0  0  0  0  0  0  0  0  0
   -3.1815  -10.5775  -15.1876 C   0  0  0  0  0  0  0  0  0  0  0  0
   -4.5831  -11.1910  -13.3538 O   0  0  0  0  0  0  0  0  0  0  0  0
   -7.4947  -12.3689  -16.2718 C   0  0  1  0  0  0  0  0  0  0  0  0
   -6.8072  -13.6012  -16.3943 O   0  0  0  0  0  0  0  0  0  0  0  0
  -10.1183  -15.1993  -16.5270 O   0  0  0  0  0  0  0  0  0  0  0  0
  -11.1268  -16.1329  -16.1815 C   0  0  2  0  0  0  0  0  0  0  0  0
  -10.4549  -17.1006  -15.2045 C   0  0  0  0  0  0  0  0  0  0  0  0
  -11.1801  -17.2032  -13.9942 O   0  0  0  0  0  0  0  0  0  0  0  0
  -11.6088  -16.7796  -17.4927 C   0  0  1  0  0  0  0  0  0  0  0  0
  -12.6711  -17.6639  -17.1942 O   0  0  0  0  0  0  0  0  0  0  0  0
  -12.1082  -15.6765  -18.4496 C   0  0  2  0  0  0  0  0  0  0  0  0
  -12.3407  -16.2791  -19.7086 O   0  0  0  0  0  0  0  0  0  0  0  0
  1  2  1  0
  2  3  2  0
  2  4  1  0
  5  4  1  1
  5 42  1  0
  5  6  1  0
  6  7  1  6
  6 36  1  0
  8  7  1  6
  8 34  1  0
  8  9  1  0
  9 10  1  1
  9 12  1  0
 10 11  1  0
 12 13  1  0
 13 14  1  1
 13 29  1  0
 15 14  1  6
 15 27  1  0
 15 16  1  0
 16 17  1  6
 16 19  1  0
 17 18  1  0
 19 20  1  0
 20 21  1  1
 20 22  1  0
 22 23  1  1
 22 27  1  0
 23 24  1  0
 24 25  1  0
 24 26  2  0
 27 28  1  6
 29 30  1  6
 29 34  1  0
 30 31  1  0
 31 32  1  0
 31 33  2  0
 34 35  1  1
 36 37  1  0
 37 38  1  1
 37 40  1  0
 38 39  1  0
 40 41  1  1
 40 42  1  0
 42 43  1  6
M  END
POSE 5
NAG
     RDKit          3D

 43 45  0  0  1  0  0  0  0  0999 V2000
  -12.2168  -16.9156  -13.4071 C   0  0  0  0  0  0  0  0  0  0  0  0
  -12.3482  -15.9430  -14.5633 C   0  0  0  0  0  0  0  0  0  0  0  0
  -12.9103  -14.8641  -14.3943 O   0  0  0  0  0  0  0  0  0  0  0  0
  -11.8401  -16.3172  -15.7418 N   0  0  0  0  0  0  0  0  0  0  0  0
  -12.0151  -15.5315  -16.9591 C   0  0  1  0  0  0  0  0  0  0  0  0
  -10.7900  -14.6175  -17.2293 C   0  0  2  0  0  0  0  0  0  0  0  0
  -10.5723  -13.7855  -16.1238 O   0  0  0  0  0  0  0  0  0  0  0  0
   -9.6521  -12.7009  -16.2991 C   0  0  2  0  0  0  0  0  0  0  0  0
   -8.3471  -12.9135  -15.4843 C   0  0  1  0  0  0  0  0  0  0  0  0
   -7.4290  -13.9882  -16.0854 C   0  0  0  0  0  0  0  0  0  0  0  0
   -6.3799  -14.3079  -15.1943 O   0  0  0  0  0  0  0  0  0  0  0  0
   -7.5838  -11.7091  -15.5475 O   0  0  0  0  0  0  0  0  0  0  0  0
   -8.1669  -10.6014  -14.9369 C   0  0  1  0  0  0  0  0  0  0  0  0
   -7.3052   -9.5031  -14.9752 O   0  0  0  0  0  0  0  0  0  0  0  0
   -6.0721   -9.6458  -14.2794 C   0  0  2  0  0  0  0  0  0  0  0  0
   -5.8525   -8.3753  -13.4292 C   0  0  1  0  0  0  0  0  0  0  0  0
   -6.8624   -8.1944  -12.2850 C   0  0  0  0  0  0  0  0  0  0  0  0
   -6.7807   -6.8639  -11.8094 O   0  0  0  0  0  0  0  0  0  0  0  0
   -4.5763   -8.4989  -12.8131 O   0  0  0  0  0  0  0  0  0  0  0  0
   -3.5044   -8.4226  -13.7005 C   0  0  1  0  0  0  0  0  0  0  0  0
   -2.2823   -8.4642  -12.9994 O   0  0  0  0  0  0  0  0  0  0  0  0
   -3.5562   -9.6263  -14.6612 C   0  0  2  0  0  0  0  0  0  0  0  0
   -2.5168   -9.4207  -15.6745 N   0  0  0  0  0  0  0  0  0  0  0  0
   -1.6056  -10.3193  -16.0704 C   0  0  0  0  0  0  0  0  0  0  0  0
   -1.6311  -11.7203  -15.4772 C   0  0  0  0  0  0  0  0  0  0  0  0
   -0.7802  -10.0580  -16.9418 O   0  0  0  0  0  0  0  0  0  0  0  0
   -4.9447   -9.7163  -15.3325 C   0  0  1  0  0  0  0  0  0  0  0  0
   -5.0166  -10.9656  -15.9938 O   0  0  0  0  0  0  0  0  0  0  0  0
   -9.4361  -10.2304  -15.7376 C   0  0  2  0  0  0  0  0  0  0  0  0
  -10.1108   -9.0939  -15.1083 N   0  0  0  0  0  0  0  0  0  0  0  0
   -9.8856   -7.8057  -15.4073 C   0  0  0  0  0  0  0  0  0  0  0  0
  -10.6911   -6.7765  -14.6255 C   0  0  0  0  0  0  0  0  0  0  0  0
   -9.0759   -7.4368  -16.2552 O   0  0  0  0  0  0  0  0  0  0  0  0
  -10.3794  -11.4518  -15.7623 C   0  0  1  0  0  0  0  0  0  0  0  0
  -11.4568  -11.1560  -16.6338 O   0  0  0  0  0  0  0  0  0  0  0  0
  -11.0625  -13.8783  -18.3879 O   0  0  0  0  0  0  0  0  0  0  0  0
  -11.1662  -14.6675  -19.5686 C   0  0  2  0  0  0  0  0  0  0  0  0
  -11.2663  -13.7091  -20.7667 C   0  0  0  0  0  0  0  0  0  0  0  0
  -10.9245  -14.3995  -21.9506 O   0  0  0  0  0  0  0  0  0  0  0  0
  -12.3763  -15.6160  -19.4314 C   0  0  1  0  0  0  0  0  0  0  0  0
  -12.4496  -16.4639  -20.5592 O   0  0  0  0  0  0  0  0  0  0  0  0
  -12.1984  -16.4723  -18.1666 C   0  0  2  0  0  0  0  0  0  0  0  0
  -13.3617  -17.2638  -17.9939 O   0  0  0  0  0  0  0  0  0  0  0  0
  1  2  1  0
  2  3  2  0
  2  4  1  0
  5  4  1  1
  5 42  1  0
  5  6  1  0
  6  7  1  1
  6 36  1  0
  8  7  1  1
  8 34  1  0
  8  9  1  0
  9 10  1  6
  9 12  1  0
 10 11  1  0
 12 13  1  0
 13 14  1  6
 13 29  1  0
 15 14  1  6
 15 27  1  0
 15 16  1  0
 16 17  1  1
 16 19  1  0
 17 18  1  0
 19 20  1  0
 20 21  1  1
 20 22  1  0
 22 23  1  6
 22 27  1  0
 23 24  1  0
 24 25  1  0
 24 26  2  0
 27 28  1  1
 29 30  1  1
 29 34  1  0
 30 31  1  0
 31 32  1  0
 31 33  2  0
 34 35  1  6
 36 37  1  0
 37 38  1  6
 37 40  1  0
 38 39  1  0
 40 41  1  6
 40 42  1  0
 42 43  1  1
M  END
LIGAND 002 NAG
POSE 1
NAG
     RDKit          3D

 43 45  0  0  1  0  0  0  0  0999 V2000
    4.1260  -10.6549   -2.2632 C   0  0  0  0  0  0  0  0  0  0  0  0
    5.5830  -11.0697   -2.1483 C   0  0  0  0  0  0  0  0  0  0  0  0
    6.4347  -10.4639   -2.7942 O   0  0  0  0  0  0  0  0  0  0  0  0
    5.8539  -12.1318   -1.3764 N   0  0  0  0  0  0  0  0  0  0  0  0
    7.1901  -12.6991   -1.1830 C   0  0  1  0  0  0  0  0  0  0  0  0
    7.4651  -12.8923    0.3184 C   0  0  2  0  0  0  0  0  0  0  0  0
    7.4033  -11.6690    0.9682 O   0  0  0  0  0  0  0  0  0  0  0  0
    6.9254  -11.6792    2.3168 C   0  0  2  0  0  0  0  0  0  0  0  0
    7.5438  -12.7942    3.2272 C   0  0  1  0  0  0  0  0  0  0  0  0
    9.0296  -12.5856    3.5867 C   0  0  0  0  0  0  0  0  0  0  0  0
    9.3051  -11.2659    4.0067 O   0  0  0  0  0  0  0  0  0  0  0  0
    6.7966  -12.9781    4.4279 O   0  0  0  0  0  0  0  0  0  0  0  0
    5.4591  -13.3101    4.2066 C   0  0  1  0  0  0  0  0  0  0  0  0
    4.8199  -13.6634    5.4006 O   0  0  0  0  0  0  0  0  0  0  0  0
    5.1967  -14.9124    5.9783 C   0  0  2  0  0  0  0  0  0  0  0  0
    3.9606  -15.8407    5.8910 C   0  0  1  0  0  0  0  0  0  0  0  0
    3.6322  -16.3242    4.4785 C   0  0  0  0  0  0  0  0  0  0  0  0
    4.7814  -16.9851    4.0056 O   0  0  0  0  0  0  0  0  0  0  0  0
    4.1573  -17.0286    6.6491 O   0  0  0  0  0  0  0  0  0  0  0  0
    4.3491  -16.8229    8.0072 C   0  0  1  0  0  0  0  0  0  0  0  0
    4.4192  -18.0528    8.6873 O   0  0  0  0  0  0  0  0  0  0  0  0
    5.6579  -16.0348    8.2201 C   0  0  2  0  0  0  0  0  0  0  0  0
    5.8192  -15.8199    9.6581 N   0  0  0  0  0  0  0  0  0  0  0  0
    6.9813  -15.5995   10.2843 C   0  0  0  0  0  0  0  0  0  0  0  0
    6.9393  -15.5354   11.8043 C   0  0  0  0  0  0  0  0  0  0  0  0
    8.0454  -15.4458    9.6876 O   0  0  0  0  0  0  0  0  0  0  0  0
    5.5535  -14.6902    7.4599 C   0  0  1  0  0  0  0  0  0  0  0  0
    6.8198  -14.0639    7.4985 O   0  0  0  0  0  0  0  0  0  0  0  0
    4.7704  -12.0560    3.6070 C   0  0  2  0  0  0  0  0  0  0  0  0
    3.3364  -12.2675    3.4827 N   0  0  0  0  0  0  0  0  0  0  0  0
    2.4591  -11.2646    3.3909 C   0  0  0  0  0  0  0  0  0  0  0  0
    1.0289  -11.6639    3.1926 C   0  0  0  0  0  0  0  0  0  0  0  0
    2.7663  -10.0749    3.4202 O   0  0  0  0  0  0  0  0  0  0  0  0
    5.3888  -11.7664    2.2272 C   0  0  1  0  0  0  0  0  0  0  0  0
    4.9660  -10.4908    1.7734 O   0  0  0  0  0  0  0  0  0  0  0  0
    8.7435  -13.4040    0.4818 O   0  0  0  0  0  0  0  0  0  0  0  0
    8.9262  -14.6937   -0.0621 C   0  0  2  0  0  0  0  0  0  0  0  0
   10.3032  -15.1353    0.4185 C   0  0  0  0  0  0  0  0  0  0  0  0
   10.4198  -16.4638    0.0060 O   0  0  0  0  0  0  0  0  0  0  0  0
    8.7454  -14.5977   -1.5975 C   0  0  1  0  0  0  0  0  0  0  0  0
    8.9480  -15.8416   -2.2539 O   0  0  0  0  0  0  0  0  0  0  0  0
    7.3083  -14.1027   -1.8209 C   0  0  2  0  0  0  0  0  0  0  0  0
    7.0264  -14.0639   -3.1942 O   0  0  0  0  0  0  0  0  0  0  0  0
  1  2  1  0
  2  3  2  0
  2  4  1  0
  5  4  1  1
  5 42  1  0
  5  6  1  0
  6  7  1  1
  6 36  1  0
  8  7  1  6
  8 34  1  0
  8  9  1  0
  9 10  1  1
  9 12  1  0
 10 11  1  0
 12 13  1  0
 13 14  1  1
 13 29  1  0
 15 14  1  1
 15 27  1  0
 15 16  1  0
 16 17  1  6
 16 19  1  0
 17 18  1  0
 19 20  1  0
 20 21  1  1
 20 22  1  0
 22 23  1  1
 22 27  1  0
 23 24  1  0
 24 25  1  0
 24 26  2  0
 27 28  1  6
 29 30  1  6
 29 34  1  0
 30 31  1  0
 31 32  1  0
 31 33  2  0
 34 35  1  1
 36 37  1  0
 37 38  1  6
 37 40  1  0
 38 39  1  0
 40 41  1  6
 40 42  1  0
 42 43  1  6
M  END
POSE 2
NAG
     RDKit          3D

 43 45  0  0  1  0  0  0  0  0999 V2000
    1.7649  -18.5993    5.1225 C   0  0  0  0  0  0  0  0  0  0  0  0
    3.2351  -18.4607    5.4892 C   0  0  0  0  0  0  0  0  0  0  0  0
    4.0934  -19.0164    4.8062 O   0  0  0  0  0  0  0  0  0  0  0  0
    3.5176  -17.7015    6.5573 N   0  0  0  0  0  0  0  0  0  0  0  0
    4.8676  -17.4580    7.0656 C   0  0  1  0  0  0  0  0  0  0  0  0
    5.4532  -16.1713    6.4380 C   0  0  2  0  0  0  0  0  0  0  0  0
    5.5644  -16.3583    5.0595 O   0  0  0  0  0  0  0  0  0  0  0  0
    6.2310  -15.2999    4.3819 C   0  0  2  0  0  0  0  0  0  0  0  0
    5.2934  -14.7353    3.2894 C   0  0  1  0  0  0  0  0  0  0  0  0
    4.0431  -14.0342    3.8506 C   0  0  0  0  0  0  0  0  0  0  0  0
    3.2199  -13.6245    2.7744 O   0  0  0  0  0  0  0  0  0  0  0  0
    6.0452  -13.7547    2.5819 O   0  0  0  0  0  0  0  0  0  0  0  0
    7.1036  -14.2864    1.8435 C   0  0  1  0  0  0  0  0  0  0  0  0
    7.7243  -13.3041    1.0887 O   0  0  0  0  0  0  0  0  0  0  0  0
    6.9043  -12.7094    0.0944 C   0  0  2  0  0  0  0  0  0  0  0  0
    7.6568  -12.8501   -1.2385 C   0  0  1  0  0  0  0  0  0  0  0  0
    7.7244  -14.3073   -1.7600 C   0  0  0  0  0  0  0  0  0  0  0  0
    8.9605  -14.5656   -2.3945 O   0  0  0  0  0  0  0  0  0  0  0  0
    6.9241  -12.0853   -2.1770 O   0  0  0  0  0  0  0  0  0  0  0  0
    6.9624  -10.7053   -1.9822 C   0  0  1  0  0  0  0  0  0  0  0  0
    6.3202  -10.0775   -3.0692 O   0  0  0  0  0  0  0  0  0  0  0  0
    6.2294  -10.3473   -0.6646 C   0  0  2  0  0  0  0  0  0  0  0  0
    6.5172   -8.9467   -0.3343 N   0  0  0  0  0  0  0  0  0  0  0  0
    5.6403   -7.9883    0.0020 C   0  0  0  0  0  0  0  0  0  0  0  0
    4.1423   -8.2480   -0.1682 C   0  0  0  0  0  0  0  0  0  0  0  0
    6.0255   -6.8939    0.4069 O   0  0  0  0  0  0  0  0  0  0  0  0
    6.7713  -11.2272    0.4889 C   0  0  1  0  0  0  0  0  0  0  0  0
    5.8431  -11.1340    1.5516 O   0  0  0  0  0  0  0  0  0  0  0  0
    8.1588  -14.8285    2.8241 C   0  0  2  0  0  0  0  0  0  0  0  0
    9.2742  -15.3866    2.0566 N   0  0  0  0  0  0  0  0  0  0  0  0
   10.5678  -15.2186    2.3668 C   0  0  0  0  0  0  0  0  0  0  0  0
   11.5755  -15.7960    1.3790 C   0  0  0  0  0  0  0  0  0  0  0  0
   10.9576  -14.6289    3.3742 O   0  0  0  0  0  0  0  0  0  0  0  0
    7.4954  -15.8909    3.7235 C   0  0  1  0  0  0  0  0  0  0  0  0
    8.4243  -16.2601    4.7278 O   0  0  0  0  0  0  0  0  0  0  0  0
    6.7056  -15.9265    7.0101 O   0  0  0  0  0  0  0  0  0  0  0  0
    6.6804  -15.6096    8.3921 C   0  0  2  0  0  0  0  0  0  0  0  0
    8.1010  -15.1875    8.8035 C   0  0  0  0  0  0  0  0  0  0  0  0
    8.0613  -14.5460   10.0642 O   0  0  0  0  0  0  0  0  0  0  0  0
    6.1629  -16.8435    9.1570 C   0  0  1  0  0  0  0  0  0  0  0  0
    6.0194  -16.4952   10.5208 O   0  0  0  0  0  0  0  0  0  0  0  0
    4.7962  -17.2523    8.5885 C   0  0  2  0  0  0  0  0  0  0  0  0
    4.4209  -18.4640    9.2052 O   0  0  0  0  0  0  0  0  0  0  0  0
  1  2  1  0
  2  3  2  0
  2  4  1  0
  5  4  1  6
  5 42  1  0
  5  6  1  0
  6  7  1  6
  6 36  1  0
  8  7  1  6
  8 34  1  0
  8  9  1  0
  9 10  1  1
  9 12  1  0
 10 11  1  0
 12 13  1  0
 13 14  1  1
 13 29  1  0
 15 14  1  1
 15 27  1  0
 15 16  1  0
 16 17  1  6
 16 19  1  0
 17 18  1  0
 19 20  1  0
 20 21  1  6
 20 22  1  0
 22 23  1  1
 22 27  1  0
 23 24  1  0
 24 25  1  0
 24 26  2  0
 27 28  1  1
 29 30  1  6
 29 34  1  0
 30 31  1  0
 31 32  1  0
 31 33  2  0
 34 35  1  1
 36 37  1  0
 37 38  1  1
 37 40  1  0
 38 39  1  0
 40 41  1  1
 40 42  1  0
 42 43  1  1
M  END
POSE 3
NAG
     RDKit          3D

 43 45  0  0  1  0  0  0  0  0999 V2000
    6.4165  -15.9742   10.9731 C   0  0  0  0  0  0  0  0  0  0  0  0
    6.5185  -16.8504    9.7338 C   0  0  0  0  0  0  0  0  0  0  0  0
    7.6218  -17.0757    9.2401 O   0  0  0  0  0  0  0  0  0  0  0  0
    5.3668  -17.3360    9.2431 N   0  0  0  0  0  0  0  0  0  0  0  0
    5.2018  -18.2394    8.1029 C   0  0  1  0  0  0  0  0  0  0  0  0
    5.8177  -17.6638    6.8040 C   0  0  2  0  0  0  0  0  0  0  0  0
    5.2638  -16.4048    6.5693 O   0  0  0  0  0  0  0  0  0  0  0  0
    5.7521  -15.7693    5.3923 C   0  0  2  0  0  0  0  0  0  0  0  0
    6.3668  -14.4000    5.7609 C   0  0  1  0  0  0  0  0  0  0  0  0
    7.7049  -14.5461    6.5005 C   0  0  0  0  0  0  0  0  0  0  0  0
    8.2144  -13.2644    6.7996 O   0  0  0  0  0  0  0  0  0  0  0  0
    6.6633  -13.6985    4.5573 O   0  0  0  0  0  0  0  0  0  0  0  0
    5.5508  -13.4053    3.7717 C   0  0  1  0  0  0  0  0  0  0  0  0
    5.9245  -12.6409    2.6719 O   0  0  0  0  0  0  0  0  0  0  0  0
    6.2551  -11.2848    2.9384 C   0  0  2  0  0  0  0  0  0  0  0  0
    5.1393  -10.4281    2.3104 C   0  0  1  0  0  0  0  0  0  0  0  0
    3.8560  -10.4289    3.1551 C   0  0  0  0  0  0  0  0  0  0  0  0
    2.8608   -9.6631    2.5164 O   0  0  0  0  0  0  0  0  0  0  0  0
    5.6196   -9.0920    2.2543 O   0  0  0  0  0  0  0  0  0  0  0  0
    6.6304   -8.9283    1.3188 C   0  0  1  0  0  0  0  0  0  0  0  0
    6.8198   -7.5581    1.0515 O   0  0  0  0  0  0  0  0  0  0  0  0
    7.9283   -9.5669    1.8711 C   0  0  2  0  0  0  0  0  0  0  0  0
    8.9155   -9.5055    0.7877 N   0  0  0  0  0  0  0  0  0  0  0  0
   10.1972   -9.9001    0.8371 C   0  0  0  0  0  0  0  0  0  0  0  0
   11.0445   -9.6101   -0.3947 C   0  0  0  0  0  0  0  0  0  0  0  0
   10.6986  -10.4615    1.8104 O   0  0  0  0  0  0  0  0  0  0  0  0
    7.6391  -11.0411    2.2905 C   0  0  1  0  0  0  0  0  0  0  0  0
    8.5917  -11.3968    3.2791 O   0  0  0  0  0  0  0  0  0  0  0  0
    4.9706  -14.7347    3.2429 C   0  0  2  0  0  0  0  0  0  0  0  0
    3.8264  -14.4777    2.3706 N   0  0  0  0  0  0  0  0  0  0  0  0
    3.8425  -14.4015    1.0326 C   0  0  0  0  0  0  0  0  0  0  0  0
    5.1330  -14.6731    0.2580 C   0  0  0  0  0  0  0  0  0  0  0  0
    2.8200  -14.1405    0.4111 O   0  0  0  0  0  0  0  0  0  0  0  0
    4.5469  -15.5780    4.4571 C   0  0  1  0  0  0  0  0  0  0  0  0
    4.1809  -16.8638    4.0058 O   0  0  0  0  0  0  0  0  0  0  0  0
    5.5264  -18.5486    5.7625 O   0  0  0  0  0  0  0  0  0  0  0  0
    6.2005  -19.8030    5.8592 C   0  0  2  0  0  0  0  0  0  0  0  0
    5.9041  -20.5866    4.5646 C   0  0  0  0  0  0  0  0  0  0  0  0
    6.7919  -20.1931    3.5338 O   0  0  0  0  0  0  0  0  0  0  0  0
    5.6829  -20.5201    7.1246 C   0  0  1  0  0  0  0  0  0  0  0  0
    6.4408  -21.6899    7.3562 O   0  0  0  0  0  0  0  0  0  0  0  0
    5.8487  -19.6185    8.3604 C   0  0  2  0  0  0  0  0  0  0  0  0
    5.2200  -20.2487    9.4610 O   0  0  0  0  0  0  0  0  0  0  0  0
  1  2  1  0
  2  3  2  0
  2  4  1  0
  5  4  1  1
  5 42  1  0
  5  6  1  0
  6  7  1  6
  6 36  1  0
  8  7  1  1
  8 34  1  0
  8  9  1  0
  9 10  1  6
  9 12  1  0
 10 11  1  0
 12 13  1  0
 13 14  1  6
 13 29  1  0
 15 14  1  6
 15 27  1  0
 15 16  1  0
 16 17  1  1
 16 19  1  0
 17 18  1  0
 19 20  1  0
 20 21  1  1
 20 22  1  0
 22 23  1  6
 22 27  1  0
 23 24  1  0
 24 25  1  0
 24 26  2  0
 27 28  1  1
 29 30  1  6
 29 34  1  0
 30 31  1  0
 31 32  1  0
 31 33  2  0
 34 35  1  6
 36 37  1  0
 37 38  1  6
 37 40  1  0
 38 39  1  0
 40 41  1  1
 40 42  1  0
 42 43  1  1
M  END
POSE 4
NAG
     RDKit          3D

 43 45  0  0  1  0  0  0  0  0999 V2000
    6.6204  -16.8576    9.8348 C   0  0  0  0  0  0  0  0  0  0  0  0
    5.8494  -18.1403    9.5372 C   0  0  0  0  0  0  0  0  0  0  0  0
    5.9672  -19.0959   10.2968 O   0  0  0  0  0  0  0  0  0  0  0  0
    5.0611  -18.2032    8.4551 N   0  0  0  0  0  0  0  0  0  0  0  0
    4.9013  -17.1849    7.4145 C   0  0  1  0  0  0  0  0  0  0  0  0
    5.2359  -17.8320    6.0440 C   0  0  2  0  0  0  0  0  0  0  0  0
    6.5890  -18.1752    6.0419 O   0  0  0  0  0  0  0  0  0  0  0  0
    7.1382  -18.4819    4.7586 C   0  0  2  0  0  0  0  0  0  0  0  0
    7.7825  -19.8829    4.8118 C   0  0  1  0  0  0  0  0  0  0  0  0
    6.7307  -21.0013    4.9054 C   0  0  0  0  0  0  0  0  0  0  0  0
    7.3409  -22.2140    5.2960 O   0  0  0  0  0  0  0  0  0  0  0  0
    8.5163  -20.0783    3.6027 O   0  0  0  0  0  0  0  0  0  0  0  0
    9.6014  -19.2154    3.4549 C   0  0  1  0  0  0  0  0  0  0  0  0
   10.3928  -19.5893    2.3637 O   0  0  0  0  0  0  0  0  0  0  0  0
   11.1126  -20.8034    2.5830 C   0  0  2  0  0  0  0  0  0  0  0  0
   12.6066  -20.5233    2.8248 C   0  0  1  0  0  0  0  0  0  0  0  0
   12.8971  -19.5855    4.0055 C   0  0  0  0  0  0  0  0  0  0  0  0
   14.2490  -19.1807    3.9947 O   0  0  0  0  0  0  0  0  0  0  0  0
   13.1408  -21.7984    3.1469 O   0  0  0  0  0  0  0  0  0  0  0  0
   13.2347  -22.6605    2.0564 C   0  0  1  0  0  0  0  0  0  0  0  0
   13.8842  -23.8475    2.4449 O   0  0  0  0  0  0  0  0  0  0  0  0
   11.8198  -22.9972    1.5031 C   0  0  2  0  0  0  0  0  0  0  0  0
   12.0363  -23.6326    0.2061 N   0  0  0  0  0  0  0  0  0  0  0  0
   11.2237  -24.5156   -0.3857 C   0  0  0  0  0  0  0  0  0  0  0  0
   11.7986  -25.2511   -1.5895 C   0  0  0  0  0  0  0  0  0  0  0  0
   10.0757  -24.7522   -0.0023 O   0  0  0  0  0  0  0  0  0  0  0  0
   10.9925  -21.6948    1.3335 C   0  0  1  0  0  0  0  0  0  0  0  0
    9.6166  -22.0150    1.2057 O   0  0  0  0  0  0  0  0  0  0  0  0
    9.0513  -17.7919    3.2238 C   0  0  2  0  0  0  0  0  0  0  0  0
   10.1599  -16.8485    3.0674 N   0  0  0  0  0  0  0  0  0  0  0  0
   10.6841  -16.4565    1.8962 C   0  0  0  0  0  0  0  0  0  0  0  0
   11.8318  -15.4560    1.9673 C   0  0  0  0  0  0  0  0  0  0  0  0
   10.2899  -16.8633    0.8036 O   0  0  0  0  0  0  0  0  0  0  0  0
    8.2084  -17.4070    4.4632 C   0  0  1  0  0  0  0  0  0  0  0  0
    7.5509  -16.1859    4.1900 O   0  0  0  0  0  0  0  0  0  0  0  0
    4.9656  -16.9027    5.0407 O   0  0  0  0  0  0  0  0  0  0  0  0
    3.5829  -16.6586    4.8627 C   0  0  2  0  0  0  0  0  0  0  0  0
    3.4260  -15.8888    3.5404 C   0  0  0  0  0  0  0  0  0  0  0  0
    3.6179  -14.4942    3.6592 O   0  0  0  0  0  0  0  0  0  0  0  0
    3.0269  -15.9591    6.1162 C   0  0  1  0  0  0  0  0  0  0  0  0
    1.6199  -15.9864    6.0614 O   0  0  0  0  0  0  0  0  0  0  0  0
    3.4393  -16.6717    7.4185 C   0  0  2  0  0  0  0  0  0  0  0  0
    3.3187  -15.6637    8.4060 O   0  0  0  0  0  0  0  0  0  0  0  0
  1  2  1  0
  2  3  2  0
  2  4  1  0
  5  4  1  1
  5 42  1  0
  5  6  1  0
  6  7  1  1
  6 36  1  0
  8  7  1  1
  8 34  1  0
  8  9  1  0
  9 10  1  6
  9 12  1  0
 10 11  1  0
 12 13  1  0
 13 14  1  6
 13 29  1  0
 15 14  1  6
 15 27  1  0
 15 16  1  0
 16 17  1  1
 16 19  1  0
 17 18  1  0
 19 20  1  0
 20 21  1  1
 20 22  1  0
 22 23  1  6
 22 27  1  0
 23 24  1  0
 24 25  1  0
 24 26  2  0
 27 28  1  1
 29 30  1  1
 29 34  1  0
 30 31  1  0
 31 32  1  0
 31 33  2  0
 34 35  1  6
 36 37  1  0
 37 38  1  6
 37 40  1  0
 38 39  1  0
 40 41  1  6
 40 42  1  0
 42 43  1  1
M  END
POSE 5
NAG
     RDKit          3D

 43 45  0  0  1  0  0  0  0  0999 V2000
    9.7469  -14.0957   -0.2656 C   0  0  0  0  0  0  0  0  0  0  0  0
    8.9837  -15.4153   -0.3695 C   0  0  0  0  0  0  0  0  0  0  0  0
    9.6224  -16.4636   -0.3938 O   0  0  0  0  0  0  0  0  0  0  0  0
    7.6417  -15.4509   -0.4484 N   0  0  0  0  0  0  0  0  0  0  0  0
    6.6207  -14.3955   -0.4534 C   0  0  1  0  0  0  0  0  0  0  0  0
    6.4207  -13.7108    0.9168 C   0  0  2  0  0  0  0  0  0  0  0  0
    6.2472  -14.7134    1.8712 O   0  0  0  0  0  0  0  0  0  0  0  0
    5.9385  -14.2656    3.1925 C   0  0  2  0  0  0  0  0  0  0  0  0
    6.9931  -14.8942    4.1291 C   0  0  1  0  0  0  0  0  0  0  0  0
    8.3568  -14.1951    4.0144 C   0  0  0  0  0  0  0  0  0  0  0  0
    9.3717  -15.0035    4.5721 O   0  0  0  0  0  0  0  0  0  0  0  0
    6.5499  -14.7554    5.4770 O   0  0  0  0  0  0  0  0  0  0  0  0
    5.4292  -15.5347    5.7459 C   0  0  1  0  0  0  0  0  0  0  0  0
    5.1300  -15.5346    7.1047 O   0  0  0  0  0  0  0  0  0  0  0  0
    6.0972  -16.1381    7.9552 C   0  0  2  0  0  0  0  0  0  0  0  0
    5.5144  -17.4343    8.5632 C   0  0  1  0  0  0  0  0  0  0  0  0
    5.4351  -18.6241    7.5881 C   0  0  0  0  0  0  0  0  0  0  0  0
    4.0990  -18.8644    7.2056 O   0  0  0  0  0  0  0  0  0  0  0  0
    6.3652  -17.8382    9.6297 O   0  0  0  0  0  0  0  0  0  0  0  0
    6.3427  -16.9757   10.7140 C   0  0  1  0  0  0  0  0  0  0  0  0
    7.0309  -17.5552   11.7980 O   0  0  0  0  0  0  0  0  0  0  0  0
    7.0168  -15.6398   10.3120 C   0  0  2  0  0  0  0  0  0  0  0  0
    6.8197  -14.7100   11.4231 N   0  0  0  0  0  0  0  0  0  0  0  0
    7.7307  -13.8589   11.9109 C   0  0  0  0  0  0  0  0  0  0  0  0
    7.3164  -13.0918   13.1593 C   0  0  0  0  0  0  0  0  0  0  0  0
    8.8469  -13.6862   11.4245 O   0  0  0  0  0  0  0  0  0  0  0  0
    6.3217  -15.0786    9.0494 C   0  0  1  0  0  0  0  0  0  0  0  0
    7.1458  -14.0896    8.4607 O   0  0  0  0  0  0  0  0  0  0  0  0
    4.2214  -14.8976    5.0207 C   0  0  2  0  0  0  0  0  0  0  0  0
    3.0060  -15.6716    5.2943 N   0  0  0  0  0  0  0  0  0  0  0  0
    2.8082  -16.9718    5.0304 C   0  0  0  0  0  0  0  0  0  0  0  0
    1.5217  -17.5909    5.5655 C   0  0  0  0  0  0  0  0  0  0  0  0
    3.6104  -17.6639    4.4058 O   0  0  0  0  0  0  0  0  0  0  0  0
    4.5058  -14.7619    3.5027 C   0  0  1  0  0  0  0  0  0  0  0  0
    3.6185  -13.7717    3.0191 O   0  0  0  0  0  0  0  0  0  0  0  0
    5.2859  -12.9124    0.8124 O   0  0  0  0  0  0  0  0  0  0  0  0
    5.4042  -11.8013   -0.0698 C   0  0  2  0  0  0  0  0  0  0  0  0
    4.0904  -11.0096    0.0738 C   0  0  0  0  0  0  0  0  0  0  0  0
    4.1357   -9.7958   -0.6526 O   0  0  0  0  0  0  0  0  0  0  0  0
    5.6587  -12.3083   -1.5115 C   0  0  1  0  0  0  0  0  0  0  0  0
    6.0029  -11.1907   -2.3125 O   0  0  0  0  0  0  0  0  0  0  0  0
    6.8240  -13.3178   -1.5407 C   0  0  2  0  0  0  0  0  0  0  0  0
    6.8145  -13.9747   -2.7940 O   0  0  0  0  0  0  0  0  0  0  0  0
  1  2  1  0
  2  3  2  0
  2  4  1  0
  5  4  1  1
  5 42  1  0
  5  6  1  0
  6  7  1  1
  6 36  1  0
  8  7  1  6
  8 34  1  0
  8  9  1  0
  9 10  1  1
  9 12  1  0
 10 11  1  0
 12 13  1  0
 13 14  1  1
 13 29  1  0
 15 14  1  6
 15 27  1  0
 15 16  1  0
 16 17  1  6
 16 19  1  0
 17 18  1  0
 19 20  1  0
 20 21  1  1
 20 22  1  0
 22 23  1  1
 22 27  1  0
 23 24  1  0
 24 25  1  0
 24 26  2  0
 27 28  1  6
 29 30  1  6
 29 34  1  0
 30 31  1  0
 31 32  1  0
 31 33  2  0
 34 35  1  1
 36 37  1  0
 37 38  1  6
 37 40  1  0
 38 39  1  0
 40 41  1  6
 40 42  1  0
 42 43  1  6
M  END
LIGAND 003 NAG
POSE 1
NAG
                    3D
 
 43 45  0  0  1  0            999 V2000
  -26.6423   -1.0603    4.5889 C   0  0  0  0  0  0
  -26.7691   -2.1057    5.6877 C   0  0  0  0  0  0
  -27.7246   -2.8804    5.6891 O   0  0  0  0  0  0
  -25.8005   -2.1059    6.6172 N   0  0  0  0  0  0
  -25.7031   -3.0085    7.7720 C   0  0  1  0  0  0
  -26.8591   -2.9048    8.7956 C   0  0  2  0  0  0
  -27.0715   -1.5668    9.1681 O   0  0  0  0  0  0
  -26.1004   -0.9200   10.0076 C   0  0  2  0  0  0
  -26.6854   -0.6204   11.4116 C   0  0  1  0  0  0
  -27.1908   -1.8380   12.2150 C   0  0  0  0  0  0
  -28.3444   -2.4077   11.6345 O   0  0  0  0  0  0
  -25.6393   -0.0460   12.1924 O   0  0  0  0  0  0
  -25.2427    1.2394   11.7883 C   0  0  1  0  0  0
  -24.2183    1.7241   12.6224 O   0  0  0  0  0  0
  -23.1287    0.8557   12.9919 C   0  0  2  0  0  0
  -23.1886    0.5933   14.5181 C   0  0  1  0  0  0
  -24.4417   -0.1663   15.0060 C   0  0  0  0  0  0
  -24.6035   -1.4156   14.3634 O   0  0  0  0  0  0
  -22.0337   -0.1518   14.9187 O   0  0  0  0  0  0
  -20.8488    0.5850   14.8379 C   0  0  1  0  0  0
  -19.8131   -0.1653   15.3380 O   0  0  0  0  0  0
  -20.5331    0.9238   13.3579 C   0  0  2  0  0  0
  -19.2748    1.6678   13.1517 N   0  0  0  0  0  0
  -19.0299    2.9008   13.6269 C   0  0  0  0  0  0
  -17.6356    3.4579   13.3982 C   0  0  0  0  0  0
  -19.8569    3.5793   14.2340 O   0  0  0  0  0  0
  -21.7772    1.5149   12.6226 C   0  0  1  0  0  0
  -21.5581    1.4479   11.2250 O   0  0  0  0  0  0
  -24.7648    1.2714   10.3140 C   0  0  2  0  0  0
  -24.4278    2.6060    9.7899 N   0  0  0  0  0  0
  -25.2858    3.6157    9.5729 C   0  0  0  0  0  0
  -24.7049    4.8855    8.9610 C   0  0  0  0  0  0
  -26.4870    3.5523    9.8255 O   0  0  0  0  0  0
  -25.6668    0.4220    9.3753 C   0  0  1  0  0  0
  -24.9940    0.2605    8.1351 O   0  0  0  0  0  0
  -26.6020   -3.6961    9.9258 O   0  0  0  0  0  0
  -26.5095   -5.0963    9.6504 C   0  0  2  0  0  0
  -26.4475   -5.8539   11.0003 C   0  0  0  0  0  0
  -25.2893   -5.5458   11.7590 O   0  0  0  0  0  0
  -25.3185   -5.3781    8.7044 C   0  0  1  0  0  0
  -25.2494   -6.7687    8.4259 O   0  0  0  0  0  0
  -25.4056   -4.4926    7.4346 C   0  0  2  0  0  0
  -24.2185   -4.5526    6.6619 O   0  0  0  0  0  0
  1  2  1  0  0  0
  2  3  2  0  0  0
  2  4  1  0  0  0
  4  5  1  0  0  0
  5 42  1  0  0  0
  5  6  1  0  0  0
  6  7  1  0  0  0
  6 36  1  0  0  0
  7  8  1  0  0  0
  8 34  1  0  0  0
  8  9  1  0  0  0
  9 10  1  0  0  0
  9 12  1  0  0  0
 10 11  1  0  0  0
 12 13  1  0  0  0
 13 14  1  0  0  0
 13 29  1  0  0  0
 14 15  1  0  0  0
 15 27  1  0  0  0
 15 16  1  0  0  0
 16 17  1  0  0  0
 16 19  1  0  0  0
 17 18  1  0  0  0
 19 20  1  0  0  0
 20 21  1  0  0  0
 20 22  1  0  0  0
 22 23  1  0  0  0
 22 27  1  0  0  0
 23 24  1  0  0  0
 24 25  1  0  0  0
 24 26  2  0  0  0
 27 28  1  0  0  0
 29 30  1  0  0  0
 29 34  1  0  0  0
 30 31  1  0  0  0
 31 32  1  0  0  0
 31 33  2  0  0  0
 34 35  1  0  0  0
 36 37  1  0  0  0
 37 38  1  0  0  0
 37 40  1  0  0  0
 38 39  1  0  0  0
 40 41  1  0  0  0
 40 42  1  0  0  0
 42 43  1  0  0  0
M  END
POSE 2
NAG
                    3D
 
 43 45  0  0  1  0            999 V2000
  -26.7549    2.1435    5.1711 C   0  0  0  0  0  0
  -26.7221    0.6682    5.5465 C   0  0  0  0  0  0
  -27.6597   -0.0593    5.2258 O   0  0  0  0  0  0
  -25.6483    0.2464    6.2350 N   0  0  0  0  0  0
  -25.4249   -1.1199    6.7345 C   0  0  1  0  0  0
  -26.4830   -1.6409    7.7441 C   0  0  2  0  0  0
  -26.6631   -0.7287    8.7984 O   0  0  0  0  0  0
  -25.6319   -0.5787    9.7865 C   0  0  2  0  0  0
  -26.1534   -1.0581   11.1610 C   0  0  1  0  0  0
  -26.6521   -2.5177   11.2197 C   0  0  0  0  0  0
  -25.6545   -3.4536   10.8619 O   0  0  0  0  0  0
  -25.1028   -0.9033   12.1149 O   0  0  0  0  0  0
  -24.7917    0.4286   12.4152 C   0  0  1  0  0  0
  -23.8040    0.4871   13.4170 O   0  0  0  0  0  0
  -22.5613   -0.2164   13.2294 C   0  0  2  0  0  0
  -22.4281   -1.4080   14.2138 C   0  0  1  0  0  0
  -23.4858   -2.5088   13.9770 C   0  0  0  0  0  0
  -23.2870   -3.6278   14.8200 O   0  0  0  0  0  0
  -21.1255   -1.9967   14.0645 O   0  0  0  0  0  0
  -20.0784   -1.1555   14.4552 C   0  0  1  0  0  0
  -18.8932   -1.8437   14.3910 O   0  0  0  0  0  0
  -20.0054    0.0446   13.4791 C   0  0  2  0  0  0
  -18.8482    0.9455   13.6244 N   0  0  0  0  0  0
  -18.5124    1.6225   14.7358 C   0  0  0  0  0  0
  -17.2698    2.5026   14.6542 C   0  0  0  0  0  0
  -19.1409    1.5586   15.7910 O   0  0  0  0  0  0
  -21.3803    0.7679   13.4213 C   0  0  1  0  0  0
  -21.3580    1.7829   12.4273 O   0  0  0  0  0  0
  -24.3412    1.2108   11.1512 C   0  0  2  0  0  0
  -24.0480    2.6366   11.3637 N   0  0  0  0  0  0
  -24.9286    3.5852   11.7172 C   0  0  0  0  0  0
  -24.3736    4.9958   11.8839 C   0  0  0  0  0  0
  -26.1240    3.3711   11.9041 O   0  0  0  0  0  0
  -25.2372    0.9101    9.9176 C   0  0  1  0  0  0
  -24.5760    1.3964    8.7631 O   0  0  0  0  0  0
  -26.1453   -2.9214    8.2201 O   0  0  0  0  0  0
  -26.1416   -3.9192    7.1923 C   0  0  2  0  0  0
  -26.0961   -5.3276    7.8387 C   0  0  0  0  0  0
  -24.8495   -5.6563    8.4244 O   0  0  0  0  0  0
  -24.9858   -3.6024    6.2150 C   0  0  1  0  0  0
  -24.8837   -4.5526    5.1734 O   0  0  0  0  0  0
  -25.1528   -2.1805    5.6300 C   0  0  2  0  0  0
  -24.0418   -1.8066    4.8248 O   0  0  0  0  0  0
  1  2  1  0  0  0
  2  3  2  0  0  0
  2  4  1  0  0  0
  4  5  1  0  0  0
  5 42  1  0  0  0
  5  6  1  0  0  0
  6  7  1  0  0  0
  6 36  1  0  0  0
  7  8  1  0  0  0
  8 34  1  0  0  0
  8  9  1  0  0  0
  9 10  1  0  0  0
  9 12  1  0  0  0
 10 11  1  0  0  0
 12 13  1  0  0  0
 13 14  1  0  0  0
 13 29  1  0  0  0
 14 15  1  0  0  0
 15 27  1  0  0  0
 15 16  1  0  0  0
 16 17  1  0  0  0
 16 19  1  0  0  0
 17 18  1  0  0  0
 19 20  1  0  0  0
 20 21  1  0  0  0
 20 22  1  0  0  0
 22 23  1  0  0  0
 22 27  1  0  0  0
 23 24  1  0  0  0
 24 25  1  0  0  0
 24 26  2  0  0  0
 27 28  1  0  0  0
 29 30  1  0  0  0
 29 34  1  0  0  0
 30 31  1  0  0  0
 31 32  1  0  0  0
 31 33  2  0  0  0
 34 35  1  0  0  0
 36 37  1  0  0  0
 37 38  1  0  0  0
 37 40  1  0  0  0
 38 39  1  0  0  0
 40 41  1  0  0  0
 40 42  1  0  0  0
 42 43  1  0  0  0
M  END
POSE 3
NAG
                    3D
 
 43 45  0  0  1  0            999 V2000
  -26.6315    2.1075    4.9706 C   0  0  0  0  0  0
  -26.6436    0.6485    5.4112 C   0  0  0  0  0  0
  -27.5763   -0.0784    5.0789 O   0  0  0  0  0  0
  -25.6113    0.2388    6.1634 N   0  0  0  0  0  0
  -25.4036   -1.1232    6.6798 C   0  0  1  0  0  0
  -26.4960   -1.6367    7.6593 C   0  0  2  0  0  0
  -26.6763   -0.7355    8.7231 O   0  0  0  0  0  0
  -25.6575   -0.6158    9.7269 C   0  0  2  0  0  0
  -26.2070   -1.0873   11.0943 C   0  0  1  0  0  0
  -26.7170   -2.5412   11.1332 C   0  0  0  0  0  0
  -25.7229   -3.4729   10.7607 O   0  0  0  0  0  0
  -25.1709   -0.9452   12.0710 O   0  0  0  0  0  0
  -24.8373    0.3878   12.3644 C   0  0  1  0  0  0
  -23.8573    0.4486   13.3752 O   0  0  0  0  0  0
  -22.6572   -0.3348   13.2390 C   0  0  2  0  0  0
  -22.5915   -1.3948   14.3618 C   0  0  1  0  0  0
  -23.7819   -2.3815   14.4111 C   0  0  0  0  0  0
  -23.9403   -3.1506   13.2330 O   0  0  0  0  0  0
  -21.3667   -2.1361   14.2411 O   0  0  0  0  0  0
  -20.2173   -1.3775   14.5144 C   0  0  1  0  0  0
  -19.1042   -2.1788   14.4348 O   0  0  0  0  0  0
  -20.0670   -0.2284   13.4788 C   0  0  2  0  0  0
  -18.8659    0.6268   13.6229 N   0  0  0  0  0  0
  -18.5673    1.3446   14.7222 C   0  0  0  0  0  0
  -17.3574    2.2644   14.6379 C   0  0  0  0  0  0
  -19.2193    1.3031   15.7633 O   0  0  0  0  0  0
  -21.3978    0.5671   13.3373 C   0  0  1  0  0  0
  -21.2905    1.4542   12.2378 O   0  0  0  0  0  0
  -24.3517    1.1497   11.1035 C   0  0  2  0  0  0
  -24.0444    2.5705   11.3088 N   0  0  0  0  0  0
  -24.9137    3.5377   11.6482 C   0  0  0  0  0  0
  -24.3447    4.9444   11.7865 C   0  0  0  0  0  0
  -26.1121    3.3379   11.8451 O   0  0  0  0  0  0
  -25.2359    0.8631    9.8610 C   0  0  1  0  0  0
  -24.5506    1.3263    8.7119 O   0  0  0  0  0  0
  -26.2009   -2.9287    8.1313 O   0  0  0  0  0  0
  -26.1569   -3.9203    7.1012 C   0  0  2  0  0  0
  -26.1590   -5.3267    7.7532 C   0  0  0  0  0  0
  -24.9523   -5.6593    8.4207 O   0  0  0  0  0  0
  -24.9492   -3.6069    6.1892 C   0  0  1  0  0  0
  -24.7874   -4.5525    5.1557 O   0  0  0  0  0  0
  -25.0891   -2.1871    5.5925 C   0  0  2  0  0  0
  -23.9512   -1.8190    4.8247 O   0  0  0  0  0  0
  1  2  1  0  0  0
  2  3  2  0  0  0
  2  4  1  0  0  0
  4  5  1  0  0  0
  5 42  1  0  0  0
  5  6  1  0  0  0
  6  7  1  0  0  0
  6 36  1  0  0  0
  7  8  1  0  0  0
  8 34  1  0  0  0
  8  9  1  0  0  0
  9 10  1  0  0  0
  9 12  1  0  0  0
 10 11  1  0  0  0
 12 13  1  0  0  0
 13 14  1  0  0  0
 13 29  1  0  0  0
 14 15  1  0  0  0
 15 27  1  0  0  0
 15 16  1  0  0  0
 16 17  1  0  0  0
 16 19  1  0  0  0
 17 18  1  0  0  0
 19 20  1  0  0  0
 20 21  1  0  0  0
 20 22  1  0  0  0
 22 23  1  0  0  0
 22 27  1  0  0  0
 23 24  1  0  0  0
 24 25  1  0  0  0
 24 26  2  0  0  0
 27 28  1  0  0  0
 29 30  1  0  0  0
 29 34  1  0  0  0
 30 31  1  0  0  0
 31 32  1  0  0  0
 31 33  2  0  0  0
 34 35  1  0  0  0
 36 37  1  0  0  0
 37 38  1  0  0  0
 37 40  1  0  0  0
 38 39  1  0  0  0
 40 41  1  0  0  0
 40 42  1  0  0  0
 42 43  1  0  0  0
M  END
POSE 4
NAG
                    3D
 
 43 45  0  0  1  0            999 V2000
  -26.6230   -1.0478    4.6264 C   0  0  0  0  0  0
  -26.7444   -2.1037    5.7182 C   0  0  0  0  0  0
  -27.6913   -2.8874    5.7075 O   0  0  0  0  0  0
  -25.7833   -2.1058    6.6526 N   0  0  0  0  0  0
  -25.6798   -3.0128    7.8025 C   0  0  1  0  0  0
  -26.8321   -2.9212    8.8278 C   0  0  2  0  0  0
  -27.0850   -1.5815    9.1751 O   0  0  0  0  0  0
  -26.1486   -0.8905   10.0144 C   0  0  2  0  0  0
  -26.8240   -0.5615   11.3679 C   0  0  1  0  0  0
  -27.3515   -1.7787   12.1593 C   0  0  0  0  0  0
  -26.3284   -2.6920   12.5078 O   0  0  0  0  0  0
  -25.8951    0.1198   12.2069 O   0  0  0  0  0  0
  -25.4748    1.3751   11.7467 C   0  0  1  0  0  0
  -24.5303    1.9254   12.6316 O   0  0  0  0  0  0
  -23.4857    1.0870   13.1693 C   0  0  2  0  0  0
  -23.6626    0.9966   14.7115 C   0  0  1  0  0  0
  -24.8783    0.1617   15.1736 C   0  0  0  0  0  0
  -26.0985    0.8021   14.8648 O   0  0  0  0  0  0
  -22.5168    0.3807   15.3107 O   0  0  0  0  0  0
  -21.3443    1.1333   15.1761 C   0  0  1  0  0  0
  -20.3392    0.5306   15.8924 O   0  0  0  0  0  0
  -20.9295    1.1635   13.6852 C   0  0  2  0  0  0
  -19.6071    1.7664   13.4060 N   0  0  0  0  0  0
  -19.2722    3.0472   13.6445 C   0  0  0  0  0  0
  -17.8108    3.4272   13.4395 C   0  0  0  0  0  0
  -20.0699    3.9017   14.0289 O   0  0  0  0  0  0
  -22.1028    1.6855   12.8062 C   0  0  1  0  0  0
  -21.7932    1.4473   11.4448 O   0  0  0  0  0  0
  -24.8657    1.3121   10.3254 C   0  0  2  0  0  0
  -24.4467    2.6166    9.7840 N   0  0  0  0  0  0
  -25.2570    3.6285    9.4362 C   0  0  0  0  0  0
  -24.5866    4.8799    8.8840 C   0  0  0  0  0  0
  -26.4806    3.5827    9.5330 O   0  0  0  0  0  0
  -25.7094    0.4396    9.3588 C   0  0  1  0  0  0
  -24.9692    0.2533    8.1627 O   0  0  0  0  0  0
  -26.5419   -3.7008    9.9603 O   0  0  0  0  0  0
  -26.4643   -5.1033    9.6831 C   0  0  2  0  0  0
  -26.4067   -5.8753   11.0230 C   0  0  0  0  0  0
  -25.2480   -5.5733   11.7783 O   0  0  0  0  0  0
  -25.2845   -5.3947    8.7204 C   0  0  1  0  0  0
  -25.2486   -6.7818    8.4244 O   0  0  0  0  0  0
  -25.3818   -4.4958    7.4576 C   0  0  2  0  0  0
  -24.2059   -4.5527    6.6692 O   0  0  0  0  0  0
  1  2  1  0  0  0
  2  3  2  0  0  0
  2  4  1  0  0  0
  4  5  1  0  0  0
  5 42  1  0  0  0
  5  6  1  0  0  0
  6  7  1  0  0  0
  6 36  1  0  0  0
  7  8  1  0  0  0
  8 34  1  0  0  0
  8  9  1  0  0  0
  9 10  1  0  0  0
  9 12  1  0  0  0
 10 11  1  0  0  0
 12 13  1  0  0  0
 13 14  1  0  0  0
 13 29  1  0  0  0
 14 15  1  0  0  0
 15 27  1  0  0  0
 15 16  1  0  0  0
 16 17  1  0  0  0
 16 19  1  0  0  0
 17 18  1  0  0  0
 19 20  1  0  0  0
 20 21  1  0  0  0
 20 22  1  0  0  0
 22 23  1  0  0  0
 22 27  1  0  0  0
 23 24  1  0  0  0
 24 25  1  0  0  0
 24 26  2  0  0  0
 27 28  1  0  0  0
 29 30  1  0  0  0
 29 34  1  0  0  0
 30 31  1  0  0  0
 31 32  1  0  0  0
 31 33  2  0  0  0
 34 35  1  0  0  0
 36 37  1  0  0  0
 37 38  1  0  0  0
 37 40  1  0  0  0
 38 39  1  0  0  0
 40 41  1  0  0  0
 40 42  1  0  0  0
 42 43  1  0  0  0
M  END
POSE 5
NAG
                    3D
 
 43 45  0  0  1  0            999 V2000
  -26.6373    2.1485    5.1999 C   0  0  0  0  0  0
  -26.6717    0.6753    5.5820 C   0  0  0  0  0  0
  -27.6222   -0.0262    5.2407 O   0  0  0  0  0  0
  -25.6276    0.2276    6.2931 N   0  0  0  0  0  0
  -25.4069   -1.1491    6.7602 C   0  0  1  0  0  0
  -26.4483   -1.6835    7.7779 C   0  0  2  0  0  0
  -26.5989   -0.7963    8.8581 O   0  0  0  0  0  0
  -25.5372   -0.6615    9.8159 C   0  0  2  0  0  0
  -25.9763   -1.2410   11.1843 C   0  0  1  0  0  0
  -26.2827   -2.7530   11.1479 C   0  0  0  0  0  0
  -26.6183   -3.2358   12.4336 O   0  0  0  0  0  0
  -24.9270   -1.0127   12.1307 O   0  0  0  0  0  0
  -24.7493    0.3432   12.4536 C   0  0  1  0  0  0
  -23.8173    0.4966   13.4990 O   0  0  0  0  0  0
  -22.5438   -0.1681   13.4042 C   0  0  2  0  0  0
  -22.3829   -1.1751   14.5720 C   0  0  1  0  0  0
  -23.4939   -2.2416   14.6862 C   0  0  0  0  0  0
  -23.6476   -3.0043   13.5086 O   0  0  0  0  0  0
  -21.1103   -1.8242   14.4468 O   0  0  0  0  0  0
  -20.0169   -0.9703   14.6608 C   0  0  1  0  0  0
  -18.8494   -1.6870   14.5576 O   0  0  0  0  0  0
  -19.9934    0.1502   13.5849 C   0  0  2  0  0  0
  -18.8514    1.0860   13.6479 N   0  0  0  0  0  0
  -18.6033    1.9303   14.6659 C   0  0  0  0  0  0
  -17.3916    2.8428   14.5344 C   0  0  0  0  0  0
  -19.2984    1.9967   15.6805 O   0  0  0  0  0  0
  -21.3810    0.8456   13.4898 C   0  0  1  0  0  0
  -21.3551    1.7489   12.4039 O   0  0  0  0  0  0
  -24.3044    1.1459   11.2093 C   0  0  2  0  0  0
  -24.0455    2.5760   11.4339 N   0  0  0  0  0  0
  -24.9419    3.5052   11.7992 C   0  0  0  0  0  0
  -24.4149    4.9259   11.9716 C   0  0  0  0  0  0
  -26.1320    3.2640   11.9899 O   0  0  0  0  0  0
  -25.1986    0.8382    9.9795 C   0  0  1  0  0  0
  -24.5760    1.3793    8.8243 O   0  0  0  0  0  0
  -26.1082   -2.9724    8.2221 O   0  0  0  0  0  0
  -26.1304   -3.9567    7.1835 C   0  0  2  0  0  0
  -26.0711   -5.3705    7.8198 C   0  0  0  0  0  0
  -24.8299   -5.6931    8.4235 O   0  0  0  0  0  0
  -24.9955   -3.6284    6.1832 C   0  0  1  0  0  0
  -24.9412   -4.5526    5.1155 O   0  0  0  0  0  0
  -25.1552   -2.1898    5.6334 C   0  0  2  0  0  0
  -24.0477   -1.8111    4.8238 O   0  0  0  0  0  0
  1  2  1  0  0  0
  2  3  2  0  0  0
  2  4  1  0  0  0
  4  5  1  0  0  0
  5 42  1  0  0  0
  5  6  1  0  0  0
  6  7  1  0  0  0
  6 36  1  0  0  0
  7  8  1  0  0  0
  8 34  1  0  0  0
  8  9  1  0  0  0
  9 10  1  0  0  0
  9 12  1  0  0  0
 10 11  1  0  0  0
 12 13  1  0  0  0
 13 14  1  0  0  0
 13 29  1  0  0  0
 14 15  1  0  0  0
 15 27  1  0  0  0
 15 16  1  0  0  0
 16 17  1  0  0  0
 16 19  1  0  0  0
 17 18  1  0  0  0
 19 20  1  0  0  0
 20 21  1  0  0  0
 20 22  1  0  0  0
 22 23  1  0  0  0
 22 27  1  0  0  0
 23 24  1  0  0  0
 24 25  1  0  0  0
 24 26  2  0  0  0
 27 28  1  0  0  0
 29 30  1  0  0  0
 29 34  1  0  0  0
 30 31  1  0  0  0
 31 32  1  0  0  0
 31 33  2  0  0  0
 34 35  1  0  0  0
 36 37  1  0  0  0
 37 38  1  0  0  0
 37 40  1  0  0  0
 38 39  1  0  0  0
 40 41  1  0  0  0
 40 42  1  0  0  0
 42 43  1  0  0  0
M  END
LIGAND 004 NAG
POSE 1
NAG
     RDKit          3D

 43 45  0  0  1  0  0  0  0  0999 V2000
   24.4784  -13.6667   -3.0350 C   0  0  0  0  0  0  0  0  0  0  0  0
   23.4795  -14.5374   -3.7870 C   0  0  0  0  0  0  0  0  0  0  0  0
   22.4205  -14.8639   -3.2534 O   0  0  0  0  0  0  0  0  0  0  0  0
   23.8338  -14.9182   -5.0221 N   0  0  0  0  0  0  0  0  0  0  0  0
   23.0058  -15.7115   -5.9327 C   0  0  1  0  0  0  0  0  0  0  0  0
   23.0733  -15.0923   -7.3487 C   0  0  2  0  0  0  0  0  0  0  0  0
   22.4190  -13.8638   -7.2480 O   0  0  0  0  0  0  0  0  0  0  0  0
   21.8497  -13.2387   -8.4068 C   0  0  2  0  0  0  0  0  0  0  0  0
   20.5624  -13.9640   -8.8964 C   0  0  1  0  0  0  0  0  0  0  0  0
   19.5134  -14.0751   -7.7832 C   0  0  0  0  0  0  0  0  0  0  0  0
   19.6363  -15.2834   -7.0565 O   0  0  0  0  0  0  0  0  0  0  0  0
   20.0200  -13.2639  -10.0026 O   0  0  0  0  0  0  0  0  0  0  0  0
   20.8702  -13.1539  -11.0934 C   0  0  1  0  0  0  0  0  0  0  0  0
   20.2271  -12.5584  -12.1841 O   0  0  0  0  0  0  0  0  0  0  0  0
   19.2751  -13.3889  -12.8472 C   0  0  2  0  0  0  0  0  0  0  0  0
   19.9687  -14.1263  -14.0206 C   0  0  1  0  0  0  0  0  0  0  0  0
   21.0851  -15.1172  -13.6423 C   0  0  0  0  0  0  0  0  0  0  0  0
   22.3354  -14.4560  -13.6118 O   0  0  0  0  0  0  0  0  0  0  0  0
   18.9725  -14.8639  -14.7168 O   0  0  0  0  0  0  0  0  0  0  0  0
   18.1254  -14.0553  -15.4625 C   0  0  1  0  0  0  0  0  0  0  0  0
   17.2751  -14.8565  -16.2506 O   0  0  0  0  0  0  0  0  0  0  0  0
   17.2737  -13.1909  -14.4937 C   0  0  2  0  0  0  0  0  0  0  0  0
   16.4547  -12.2161  -15.2243 N   0  0  0  0  0  0  0  0  0  0  0  0
   16.8746  -11.2404  -16.0455 C   0  0  0  0  0  0  0  0  0  0  0  0
   15.7911  -10.3444  -16.6322 C   0  0  0  0  0  0  0  0  0  0  0  0
   18.0546  -11.0454  -16.3317 O   0  0  0  0  0  0  0  0  0  0  0  0
   18.1517  -12.4874  -13.4130 C   0  0  1  0  0  0  0  0  0  0  0  0
   17.2119  -12.1921  -12.3943 O   0  0  0  0  0  0  0  0  0  0  0  0
   22.1088  -12.3125  -10.7193 C   0  0  2  0  0  0  0  0  0  0  0  0
   22.9604  -12.2215  -11.9021 N   0  0  0  0  0  0  0  0  0  0  0  0
   23.8217  -11.2341  -12.1727 C   0  0  0  0  0  0  0  0  0  0  0  0
   24.5560  -11.3274  -13.5046 C   0  0  0  0  0  0  0  0  0  0  0  0
   24.0330  -10.2895  -11.4132 O   0  0  0  0  0  0  0  0  0  0  0  0
   22.8399  -13.0498   -9.5691 C   0  0  1  0  0  0  0  0  0  0  0  0
   23.9140  -12.2532   -9.1048 O   0  0  0  0  0  0  0  0  0  0  0  0
   22.4149  -15.9230   -8.2418 O   0  0  0  0  0  0  0  0  0  0  0  0
   22.8470  -17.2504   -8.3960 C   0  0  2  0  0  0  0  0  0  0  0  0
   21.9155  -17.8084   -9.4908 C   0  0  0  0  0  0  0  0  0  0  0  0
   22.4187  -19.0258   -9.9917 O   0  0  0  0  0  0  0  0  0  0  0  0
   22.6932  -17.9600   -7.0410 C   0  0  1  0  0  0  0  0  0  0  0  0
   23.2198  -19.2635   -7.1928 O   0  0  0  0  0  0  0  0  0  0  0  0
   23.4756  -17.1804   -5.9673 C   0  0  2  0  0  0  0  0  0  0  0  0
   23.2199  -17.7310   -4.6990 O   0  0  0  0  0  0  0  0  0  0  0  0
  1  2  1  0
  2  3  2  0
  2  4  1  0
  5  4  1  1
  5 42  1  0
  5  6  1  0
  6  7  1  1
  6 36  1  0
  8  7  1  1
  8 34  1  0
  8  9  1  0
  9 10  1  1
  9 12  1  0
 10 11  1  0
 12 13  1  0
 13 14  1  6
 13 29  1  0
 15 14  1  6
 15 27  1  0
 15 16  1  0
 16 17  1  1
 16 19  1  0
 17 18  1  0
 19 20  1  0
 20 21  1  1
 20 22  1  0
 22 23  1  6
 22 27  1  0
 23 24  1  0
 24 25  1  0
 24 26  2  0
 27 28  1  1
 29 30  1  6
 29 34  1  0
 30 31  1  0
 31 32  1  0
 31 33  2  0
 34 35  1  1
 36 37  1  0
 37 38  1  6
 37 40  1  0
 38 39  1  0
 40 41  1  6
 40 42  1  0
 42 43  1  1
M  END
POSE 2
NAG
                    3D
 
 43 45  0  0  1  0            999 V2000
   12.0137   -9.4222  -10.8243 C   0  0  0  0  0  0
   11.8890  -10.5237  -11.8712 C   0  0  0  0  0  0
   12.0808  -11.6949  -11.5616 O   0  0  0  0  0  0
   11.5328  -10.1533  -13.1107 N   0  0  0  0  0  0
   11.1868  -11.1006  -14.1839 C   0  0  1  0  0  0
   12.2735  -12.1319  -14.5653 C   0  0  2  0  0  0
   13.4636  -11.4208  -14.7851 O   0  0  0  0  0  0
   14.7072  -12.1137  -14.6099 C   0  0  2  0  0  0
   15.7058  -11.1325  -13.9412 C   0  0  1  0  0  0
   15.3295  -10.6411  -12.5194 C   0  0  0  0  0  0
   15.1323  -11.6748  -11.5630 O   0  0  0  0  0  0
   16.9977  -11.7253  -13.8546 O   0  0  0  0  0  0
   17.6162  -12.0223  -15.0740 C   0  0  1  0  0  0
   18.8773  -12.6059  -14.8726 O   0  0  0  0  0  0
   19.7440  -12.0497  -13.8718 C   0  0  2  0  0  0
   21.1808  -12.0020  -14.4408 C   0  0  1  0  0  0
   21.2980  -11.0375  -15.6367 C   0  0  0  0  0  0
   22.5573  -11.1593  -16.2697 O   0  0  0  0  0  0
   22.1013  -11.5962  -13.4154 O   0  0  0  0  0  0
   22.2037  -12.5040  -12.3501 C   0  0  1  0  0  0
   23.1643  -12.0686  -11.4705 O   0  0  0  0  0  0
   20.8479  -12.5596  -11.6013 C   0  0  2  0  0  0
   20.8079  -13.3074  -10.3340 N   0  0  0  0  0  0
   21.1078  -14.6049  -10.1615 C   0  0  0  0  0  0
   20.8927  -15.1699   -8.7621 C   0  0  0  0  0  0
   21.5304  -15.3373  -11.0541 O   0  0  0  0  0  0
   19.7235  -12.9278  -12.5985 C   0  0  1  0  0  0
   18.4619  -12.9073  -11.9615 O   0  0  0  0  0  0
   16.7753  -13.0457  -15.8574 C   0  0  2  0  0  0
   17.3860  -13.4551  -17.1358 N   0  0  0  0  0  0
   17.5202  -14.7146  -17.5823 C   0  0  0  0  0  0
   18.1926  -14.8889  -18.9375 C   0  0  0  0  0  0
   17.1341  -15.7034  -16.9621 O   0  0  0  0  0  0
   15.2937  -12.5797  -15.9685 C   0  0  1  0  0  0
   14.5071  -13.5886  -16.5827 O   0  0  0  0  0  0
   11.8644  -12.8151  -15.7261 O   0  0  0  0  0  0
   10.7247  -13.6630  -15.5050 C   0  0  2  0  0  0
   10.4152  -14.5085  -16.7638 C   0  0  0  0  0  0
   11.5321  -15.2284  -17.2505 O   0  0  0  0  0  0
    9.4976  -12.8040  -15.0953 C   0  0  1  0  0  0
    8.4034  -13.6455  -14.7616 O   0  0  0  0  0  0
    9.8460  -11.8394  -13.9365 C   0  0  2  0  0  0
    8.8024  -10.9081  -13.6677 O   0  0  0  0  0  0
  1  2  1  0  0  0
  2  3  2  0  0  0
  2  4  1  0  0  0
  4  5  1  0  0  0
  5 42  1  0  0  0
  5  6  1  0  0  0
  6  7  1  0  0  0
  6 36  1  0  0  0
  7  8  1  0  0  0
  8 34  1  0  0  0
  8  9  1  0  0  0
  9 10  1  0  0  0
  9 12  1  0  0  0
 10 11  1  0  0  0
 12 13  1  0  0  0
 13 14  1  0  0  0
 13 29  1  0  0  0
 14 15  1  0  0  0
 15 27  1  0  0  0
 15 16  1  0  0  0
 16 17  1  0  0  0
 16 19  1  0  0  0
 17 18  1  0  0  0
 19 20  1  0  0  0
 20 21  1  0  0  0
 20 22  1  0  0  0
 22 23  1  0  0  0
 22 27  1  0  0  0
 23 24  1  0  0  0
 24 25  1  0  0  0
 24 26  2  0  0  0
 27 28  1  0  0  0
 29 30  1  0  0  0
 29 34  1  0  0  0
 30 31  1  0  0  0
 31 32  1  0  0  0
 31 33  2  0  0  0
 34 35  1  0  0  0
 36 37  1  0  0  0
 37 38  1  0  0  0
 37 40  1  0  0  0
 38 39  1  0  0  0
 40 41  1  0  0  0
 40 42  1  0  0  0
 42 43  1  0  0  0
M  END
POSE 3
NAG
                    3D
 
 43 45  0  0  1  0            999 V2000
   21.1329  -18.0605  -10.2337 C   0  0  0  0  0  0
   22.1904  -18.0669   -9.1356 C   0  0  0  0  0  0
   23.0938  -18.9014   -9.1613 O   0  0  0  0  0  0
   22.0685  -17.1107   -8.2024 N   0  0  0  0  0  0
   23.0553  -16.7222   -7.1830 C   0  0  1  0  0  0
   22.9928  -15.2114   -6.9015 C   0  0  2  0  0  0
   23.2442  -14.5633   -8.1201 O   0  0  0  0  0  0
   23.2337  -13.1316   -8.1221 C   0  0  2  0  0  0
   21.8425  -12.5733   -8.5138 C   0  0  1  0  0  0
   20.7101  -12.9041   -7.5208 C   0  0  0  0  0  0
   20.0444  -14.1080   -7.8670 O   0  0  0  0  0  0
   21.9322  -11.1484   -8.5888 O   0  0  0  0  0  0
   22.7466  -10.6887   -9.6329 C   0  0  1  0  0  0
   22.6629   -9.2921   -9.7319 O   0  0  0  0  0  0
   21.3954   -8.7693  -10.1614 C   0  0  2  0  0  0
   21.6154   -7.7968  -11.3423 C   0  0  1  0  0  0
   22.2915   -8.4839  -12.5467 C   0  0  0  0  0  0
   22.4519   -7.5690  -13.6137 O   0  0  0  0  0  0
   20.3481   -7.2760  -11.7721 O   0  0  0  0  0  0
   19.6865   -6.5048  -10.8040 C   0  0  1  0  0  0
   18.5193   -6.0174  -11.3353 O   0  0  0  0  0  0
   19.3353   -7.3954   -9.5840 C   0  0  2  0  0  0
   18.4324   -6.8111   -8.5756 N   0  0  0  0  0  0
   18.6880   -5.7267   -7.8265 C   0  0  0  0  0  0
   17.6205   -5.3358   -6.8127 C   0  0  0  0  0  0
   19.7162   -5.0586   -7.9199 O   0  0  0  0  0  0
   20.6391   -8.0350   -9.0285 C   0  0  1  0  0  0
   20.3321   -8.9070   -7.9610 O   0  0  0  0  0  0
   24.2029  -11.0733   -9.3254 C   0  0  2  0  0  0
   25.2157  -10.4745  -10.2126 N   0  0  0  0  0  0
   25.3862  -10.7530  -11.5152 C   0  0  0  0  0  0
   26.4629   -9.9617  -12.2471 C   0  0  0  0  0  0
   24.7270  -11.5932  -12.1244 O   0  0  0  0  0  0
   24.2890  -12.6158   -9.1297 C   0  0  1  0  0  0
   25.6036  -12.9909   -8.7613 O   0  0  0  0  0  0
   23.9353  -14.8225   -5.9418 O   0  0  0  0  0  0
   23.8145  -15.4450   -4.6581 C   0  0  2  0  0  0
   24.8276  -14.7833   -3.6983 C   0  0  0  0  0  0
   24.4788  -13.4339   -3.4545 O   0  0  0  0  0  0
   24.0239  -16.9687   -4.8139 C   0  0  1  0  0  0
   23.9307  -17.6655   -3.5779 O   0  0  0  0  0  0
   22.9975  -17.4952   -5.8413 C   0  0  2  0  0  0
   23.1321  -18.8963   -6.0037 O   0  0  0  0  0  0
  1  2  1  0  0  0
  2  3  2  0  0  0
  2  4  1  0  0  0
  4  5  1  0  0  0
  5 42  1  0  0  0
  5  6  1  0  0  0
  6  7  1  0  0  0
  6 36  1  0  0  0
  7  8  1  0  0  0
  8 34  1  0  0  0
  8  9  1  0  0  0
  9 10  1  0  0  0
  9 12  1  0  0  0
 10 11  1  0  0  0
 12 13  1  0  0  0
 13 14  1  0  0  0
 13 29  1  0  0  0
 14 15  1  0  0  0
 15 27  1  0  0  0
 15 16  1  0  0  0
 16 17  1  0  0  0
 16 19  1  0  0  0
 17 18  1  0  0  0
 19 20  1  0  0  0
 20 21  1  0  0  0
 20 22  1  0  0  0
 22 23  1  0  0  0
 22 27  1  0  0  0
 23 24  1  0  0  0
 24 25  1  0  0  0
 24 26  2  0  0  0
 27 28  1  0  0  0
 29 30  1  0  0  0
 29 34  1  0  0  0
 30 31  1  0  0  0
 31 32  1  0  0  0
 31 33  2  0  0  0
 34 35  1  0  0  0
 36 37  1  0  0  0
 37 38  1  0  0  0
 37 40  1  0  0  0
 38 39  1  0  0  0
 40 41  1  0  0  0
 40 42  1  0  0  0
 42 43  1  0  0  0
M  END
POSE 4
NAG
                    3D
 
 43 45  0  0  1  0            999 V2000
   20.9550  -17.4295   -9.3868 C   0  0  0  0  0  0
   22.1963  -17.4968   -8.5247 C   0  0  0  0  0  0
   23.1289  -18.2440   -8.8255 O   0  0  0  0  0  0
   22.1798  -16.7209   -7.4314 N   0  0  0  0  0  0
   23.2838  -16.5348   -6.4848 C   0  0  1  0  0  0
   23.3368  -15.1245   -5.8749 C   0  0  2  0  0  0
   23.2634  -14.2124   -6.9319 O   0  0  0  0  0  0
   23.0400  -12.8405   -6.5857 C   0  0  2  0  0  0
   21.5618  -12.4388   -6.8394 C   0  0  1  0  0  0
   20.5349  -13.1543   -5.9339 C   0  0  0  0  0  0
   20.3112  -14.4863   -6.3636 O   0  0  0  0  0  0
   21.4171  -11.0348   -6.6047 O   0  0  0  0  0  0
   22.1305  -10.2410   -7.5158 C   0  0  1  0  0  0
   21.8460   -8.8856   -7.3046 O   0  0  0  0  0  0
   20.5123   -8.4650   -7.6198 C   0  0  2  0  0  0
   20.5526   -7.4249   -8.7646 C   0  0  1  0  0  0
   21.1536   -7.9804  -10.0786 C   0  0  0  0  0  0
   20.3229   -8.9070  -10.7615 O   0  0  0  0  0  0
   19.2468   -6.8926   -9.0258 O   0  0  0  0  0  0
   18.6451   -6.2548   -7.9301 C   0  0  1  0  0  0
   17.4244   -5.7625   -8.3159 O   0  0  0  0  0  0
   18.4245   -7.2870   -6.7965 C   0  0  2  0  0  0
   17.5321   -6.8806   -5.6971 N   0  0  0  0  0  0
   17.7790   -5.9467   -4.7680 C   0  0  0  0  0  0
   16.6688   -5.6922   -3.7558 C   0  0  0  0  0  0
   18.8288   -5.3119   -4.7007 O   0  0  0  0  0  0
   19.8024   -7.8758   -6.3839 C   0  0  1  0  0  0
   19.6529   -8.8442   -5.3599 O   0  0  0  0  0  0
   23.6392  -10.4417   -7.2984 C   0  0  2  0  0  0
   24.4639   -9.5279   -8.1066 N   0  0  0  0  0  0
   25.7206   -9.1433   -7.8338 C   0  0  0  0  0  0
   26.3442   -8.1167   -8.7682 C   0  0  0  0  0  0
   26.3741   -9.5939   -6.8964 O   0  0  0  0  0  0
   23.9835  -11.9538   -7.4290 C   0  0  1  0  0  0
   25.3366  -12.2092   -7.0935 O   0  0  0  0  0  0
   24.5311  -14.9484   -5.1612 O   0  0  0  0  0  0
   24.6349  -15.7901   -4.0046 C   0  0  2  0  0  0
   25.9331  -15.4390   -3.2348 C   0  0  0  0  0  0
   27.1221  -15.7860   -3.9268 O   0  0  0  0  0  0
   24.5221  -17.2994   -4.3560 C   0  0  1  0  0  0
   24.3321  -18.0273   -3.1516 O   0  0  0  0  0  0
   23.3817  -17.5951   -5.3642 C   0  0  2  0  0  0
   23.5076  -18.8800   -5.9612 O   0  0  0  0  0  0
  1  2  1  0  0  0
  2  3  2  0  0  0
  2  4  1  0  0  0
  4  5  1  0  0  0
  5 42  1  0  0  0
  5  6  1  0  0  0
  6  7  1  0  0  0
  6 36  1  0  0  0
  7  8  1  0  0  0
  8 34  1  0  0  0
  8  9  1  0  0  0
  9 10  1  0  0  0
  9 12  1  0  0  0
 10 11  1  0  0  0
 12 13  1  0  0  0
 13 14  1  0  0  0
 13 29  1  0  0  0
 14 15  1  0  0  0
 15 27  1  0  0  0
 15 16  1  0  0  0
 16 17  1  0  0  0
 16 19  1  0  0  0
 17 18  1  0  0  0
 19 20  1  0  0  0
 20 21  1  0  0  0
 20 22  1  0  0  0
 22 23  1  0  0  0
 22 27  1  0  0  0
 23 24  1  0  0  0
 24 25  1  0  0  0
 24 26  2  0  0  0
 27 28  1  0  0  0
 29 30  1  0  0  0
 29 34  1  0  0  0
 30 31  1  0  0  0
 31 32  1  0  0  0
 31 33  2  0  0  0
 34 35  1  0  0  0
 36 37  1  0  0  0
 37 38  1  0  0  0
 37 40  1  0  0  0
 38 39  1  0  0  0
 40 41  1  0  0  0
 40 42  1  0  0  0
 42 43  1  0  0  0
M  END
POSE 5
NAG
                    3D
 
 43 45  0  0  1  0            999 V2000
   12.3308   -9.4040  -10.9481 C   0  0  0  0  0  0
   12.0898  -10.5547  -11.9152 C   0  0  0  0  0  0
   12.3316  -11.7069  -11.5620 O   0  0  0  0  0  0
   11.6264  -10.2327  -13.1327 N   0  0  0  0  0  0
   11.1987  -11.1776  -14.1772 C   0  0  1  0  0  0
   12.2114  -12.2655  -14.6164 C   0  0  2  0  0  0
   13.4437  -11.6513  -14.8811 O   0  0  0  0  0  0
   14.6194  -12.4756  -14.8046 C   0  0  2  0  0  0
   15.7600  -11.6137  -14.2309 C   0  0  1  0  0  0
   15.4363  -10.9357  -12.8874 C   0  0  0  0  0  0
   16.5817  -10.2966  -12.3606 O   0  0  0  0  0  0
   16.8509  -12.4981  -14.0164 O   0  0  0  0  0  0
   17.5003  -12.9143  -15.1749 C   0  0  1  0  0  0
   18.5615  -13.7768  -14.8420 O   0  0  0  0  0  0
   19.6445  -13.2340  -14.0638 C   0  0  2  0  0  0
   20.9686  -13.8149  -14.6120 C   0  0  1  0  0  0
   21.1926  -13.4586  -16.0968 C   0  0  0  0  0  0
   22.3447  -14.1060  -16.6055 O   0  0  0  0  0  0
   22.0725  -13.3260  -13.8343 O   0  0  0  0  0  0
   22.0570  -13.7538  -12.4986 C   0  0  1  0  0  0
   23.1860  -13.3066  -11.8621 O   0  0  0  0  0  0
   20.8238  -13.1502  -11.7831 C   0  0  2  0  0  0
   20.7327  -13.3072  -10.3204 N   0  0  0  0  0  0
   20.8174  -14.4604   -9.6355 C   0  0  0  0  0  0
   20.5620  -14.3711   -8.1363 C   0  0  0  0  0  0
   21.0763  -15.5493  -10.1481 O   0  0  0  0  0  0
   19.5399  -13.5554  -12.5473 C   0  0  1  0  0  0
   18.4326  -12.9069  -11.9617 O   0  0  0  0  0  0
   16.5273  -13.7071  -16.0678 C   0  0  2  0  0  0
   17.1280  -14.0507  -17.3655 N   0  0  0  0  0  0
   16.9718  -15.2158  -18.0089 C   0  0  0  0  0  0
   17.7156  -15.3886  -19.3263 C   0  0  0  0  0  0
   16.2597  -16.1172  -17.5824 O   0  0  0  0  0  0
   15.1076  -13.0505  -16.1620 C   0  0  1  0  0  0
   14.1901  -13.9681  -16.7414 O   0  0  0  0  0  0
   11.7352  -12.8776  -15.7827 O   0  0  0  0  0  0
   10.5463  -13.6485  -15.5807 C   0  0  2  0  0  0
   10.2054  -14.3364  -16.9189 C   0  0  0  0  0  0
   11.1321  -15.3629  -17.1979 O   0  0  0  0  0  0
    9.3874  -12.7558  -15.0716 C   0  0  1  0  0  0
    8.2834  -13.5717  -14.7151 O   0  0  0  0  0  0
    9.8338  -11.8577  -13.8887 C   0  0  2  0  0  0
    8.8245  -10.9069  -13.5616 O   0  0  0  0  0  0
  1  2  1  0  0  0
  2  3  2  0  0  0
  2  4  1  0  0  0
  4  5  1  0  0  0
  5 42  1  0  0  0
  5  6  1  0  0  0
  6  7  1  0  0  0
  6 36  1  0  0  0
  7  8  1  0  0  0
  8 34  1  0  0  0
  8  9  1  0  0  0
  9 10  1  0  0  0
  9 12  1  0  0  0
 10 11  1  0  0  0
 12 13  1  0  0  0
 13 14  1  0  0  0
 13 29  1  0  0  0
 14 15  1  0  0  0
 15 27  1  0  0  0
 15 16  1  0  0  0
 16 17  1  0  0  0
 16 19  1  0  0  0
 17 18  1  0  0  0
 19 20  1  0  0  0
 20 21  1  0  0  0
 20 22  1  0  0  0
 22 23  1  0  0  0
 22 27  1  0  0  0
 23 24  1  0  0  0
 24 25  1  0  0  0
 24 26  2  0  0  0
 27 28  1  0  0  0
 29 30  1  0  0  0
 29 34  1  0  0  0
 30 31  1  0  0  0
 31 32  1  0  0  0
 31 33  2  0  0  0
 34 35  1  0  0  0
 36 37  1  0  0  0
 37 38  1  0  0  0
 37 40  1  0  0  0
 38 39  1  0  0  0
 40 41  1  0  0  0
 40 42  1  0  0  0
 42 43  1  0  0  0
M  END
END
