PFRMAT LG
TARGET T1188
MODEL 1
LIGAND 001 DW0
POSE 1
DW0
                    3D
 
 29 32  0  0  1  0            999 V2000
    3.5759   -7.4733  -10.9409 N   0  0  0  0  0  0
    4.6460   -8.0891  -10.3341 C   0  0  0  0  0  0
    4.7759   -9.3533  -10.3822 O   0  0  0  0  0  0
    5.5591   -7.2615   -9.6827 N   0  0  0  0  0  0
    5.3362   -5.8242   -9.6278 C   0  0  0  0  0  0
    4.2255   -5.2115  -10.2702 C   0  0  0  0  0  0
    3.3488   -6.0651  -10.9477 C   0  0  0  0  0  0
    2.3569   -5.6374  -11.5777 O   0  0  0  0  0  0
    4.3216   -3.8667  -10.0334 N   0  0  0  0  0  0
    5.4208   -3.6473   -9.2944 C   0  0  0  0  0  0
    6.0501   -4.8180   -9.0618 N   0  0  0  0  0  0
   -0.7705   -9.8821  -11.3896 N   0  0  0  0  0  0
    0.5689   -9.4934  -11.8905 C   0  0  0  0  0  0
    3.4242   -2.6957  -10.4845 C   0  0  0  0  0  0
   -4.6746   -7.3431  -11.2143 C   0  0  0  0  0  0
    6.7192   -7.9436   -9.0090 C   0  0  0  0  0  0
   -2.4473  -12.9667   -9.9287 C   0  0  0  0  0  0
   -1.5464   -7.7772  -11.9205 O   0  0  0  0  0  0
   -0.1559  -12.0566  -10.8295 O   0  0  0  0  0  0
   -5.1756   -9.5972  -10.3090 C   0  0  0  0  0  0
    2.6490   -8.3538  -11.6749 C   0  0  0  0  0  0
    1.3297   -8.5506  -10.9449 C   0  0  0  0  0  0
   -4.5105  -10.7682  -10.0904 N   0  0  0  0  0  0
   -1.8222   -8.9083  -11.4467 C   0  0  0  0  0  0
   -1.0246  -11.1953  -10.9087 C   0  0  0  0  0  0
   -3.2619  -10.6210  -10.4726 C   0  0  0  0  0  0
   -3.0816   -9.3080  -10.9614 C   0  0  0  0  0  0
   -4.2892   -8.7230  -10.8275 N   0  0  0  0  0  0
   -2.2478  -11.5623  -10.4511 N   0  0  0  0  0  0
  1  2  1  0  0  0
  1  7  1  0  0  0
  1 21  1  0  0  0
  2  3  2  0  0  0
  2  4  1  0  0  0
  4  5  1  0  0  0
  4 16  1  0  0  0
  5  6  2  0  0  0
  5 11  1  0  0  0
  6  7  1  0  0  0
  6  9  1  0  0  0
  7  8  2  0  0  0
  9 10  1  0  0  0
  9 14  1  0  0  0
 10 11  2  0  0  0
 12 13  1  0  0  0
 12 24  1  0  0  0
 12 25  1  0  0  0
 13 22  1  0  0  0
 15 28  1  0  0  0
 17 29  1  0  0  0
 18 24  2  0  0  0
 19 25  2  0  0  0
 20 23  2  0  0  0
 20 28  1  0  0  0
 21 22  1  0  0  0
 23 26  1  0  0  0
 24 27  1  0  0  0
 25 29  1  0  0  0
 26 27  2  0  0  0
 26 29  1  0  0  0
 27 28  1  0  0  0
M  END
POSE 2
DW0
                    3D
 
 29 32  0  0  1  0            999 V2000
    3.5511   -7.4336  -10.9961 N   0  0  0  0  0  0
    4.6398   -8.0086  -10.3498 C   0  0  0  0  0  0
    4.7869   -9.2493  -10.3707 O   0  0  0  0  0  0
    5.5583   -7.1549   -9.6674 N   0  0  0  0  0  0
    5.3754   -5.7204   -9.6152 C   0  0  0  0  0  0
    4.2526   -5.1478  -10.2797 C   0  0  0  0  0  0
    3.3426   -6.0350  -10.9682 C   0  0  0  0  0  0
    2.3251   -5.6982  -11.5954 O   0  0  0  0  0  0
    4.3759   -3.7931  -10.0256 N   0  0  0  0  0  0
    5.4866   -3.5572   -9.2716 C   0  0  0  0  0  0
    6.0953   -4.7168   -9.0338 N   0  0  0  0  0  0
   -0.6511  -10.0599  -11.3095 N   0  0  0  0  0  0
    0.6985   -9.7005  -11.7972 C   0  0  0  0  0  0
    3.4588   -2.6292  -10.4921 C   0  0  0  0  0  0
   -4.6259   -7.4892  -11.1869 C   0  0  0  0  0  0
    6.7319   -7.8286   -9.0097 C   0  0  0  0  0  0
   -2.4848  -13.1742   -9.9037 C   0  0  0  0  0  0
   -1.4514   -7.9660  -11.8108 O   0  0  0  0  0  0
    0.0748  -12.1586  -10.8178 O   0  0  0  0  0  0
   -5.1038   -9.8124  -10.3174 C   0  0  0  0  0  0
    2.6091   -8.2884  -11.7548 C   0  0  0  0  0  0
    1.3874   -8.6807  -10.9374 C   0  0  0  0  0  0
   -4.4819  -10.9975  -10.1023 N   0  0  0  0  0  0
   -1.7180   -9.0946  -11.3622 C   0  0  0  0  0  0
   -0.8784  -11.3727  -10.8441 C   0  0  0  0  0  0
   -3.2124  -10.8405  -10.4431 C   0  0  0  0  0  0
   -3.0058   -9.5062  -10.9281 C   0  0  0  0  0  0
   -4.2205   -8.9159  -10.8319 N   0  0  0  0  0  0
   -2.1946  -11.7805  -10.3917 N   0  0  0  0  0  0
  1  2  1  0  0  0
  1  7  1  0  0  0
  1 21  1  0  0  0
  2  3  2  0  0  0
  2  4  1  0  0  0
  4  5  1  0  0  0
  4 16  1  0  0  0
  5  6  2  0  0  0
  5 11  1  0  0  0
  6  7  1  0  0  0
  6  9  1  0  0  0
  7  8  2  0  0  0
  9 10  1  0  0  0
  9 14  1  0  0  0
 10 11  2  0  0  0
 12 13  1  0  0  0
 12 24  1  0  0  0
 12 25  1  0  0  0
 13 22  1  0  0  0
 15 28  1  0  0  0
 17 29  1  0  0  0
 18 24  2  0  0  0
 19 25  2  0  0  0
 20 23  2  0  0  0
 20 28  1  0  0  0
 21 22  1  0  0  0
 23 26  1  0  0  0
 24 27  1  0  0  0
 25 29  1  0  0  0
 26 27  2  0  0  0
 26 29  1  0  0  0
 27 28  1  0  0  0
M  END
POSE 3
DW0
                    3D
 
 29 32  0  0  1  0            999 V2000
    3.5438   -7.6229  -10.9564 N   0  0  0  0  0  0
    4.6606   -8.1983  -10.3397 C   0  0  0  0  0  0
    4.7723   -9.4267  -10.3854 O   0  0  0  0  0  0
    5.6135   -7.3935   -9.6555 N   0  0  0  0  0  0
    5.4212   -5.9794   -9.5918 C   0  0  0  0  0  0
    4.2935   -5.3703  -10.2554 C   0  0  0  0  0  0
    3.3691   -6.2138  -10.9409 C   0  0  0  0  0  0
    2.3616   -5.8335  -11.5456 O   0  0  0  0  0  0
    4.4270   -4.0328  -10.0138 N   0  0  0  0  0  0
    5.5239   -3.8062   -9.2529 C   0  0  0  0  0  0
    6.1474   -4.9859   -9.0270 N   0  0  0  0  0  0
   -0.8278  -10.1381  -11.3807 N   0  0  0  0  0  0
    0.5007   -9.7216  -11.9144 C   0  0  0  0  0  0
    3.4949   -2.9123  -10.4644 C   0  0  0  0  0  0
   -4.7748   -7.7916  -11.1389 C   0  0  0  0  0  0
    6.7861   -8.0532   -8.9779 C   0  0  0  0  0  0
   -2.4430  -13.2780   -9.8398 C   0  0  0  0  0  0
   -1.7692   -8.1031  -11.8364 O   0  0  0  0  0  0
    0.0351  -12.1704  -10.8941 O   0  0  0  0  0  0
   -5.2107  -10.0781  -10.1915 C   0  0  0  0  0  0
    2.5492   -8.4725  -11.7197 C   0  0  0  0  0  0
    1.2193   -8.7114  -11.0534 C   0  0  0  0  0  0
   -4.5527  -11.2281   -9.9751 N   0  0  0  0  0  0
   -1.9297   -9.2519  -11.3976 C   0  0  0  0  0  0
   -0.9656  -11.4389  -10.8805 C   0  0  0  0  0  0
   -3.2990  -11.0308  -10.3892 C   0  0  0  0  0  0
   -3.1582   -9.7142  -10.8933 C   0  0  0  0  0  0
   -4.3696   -9.1782  -10.7483 N   0  0  0  0  0  0
   -2.2178  -11.9044  -10.3753 N   0  0  0  0  0  0
  1  2  1  0  0  0
  1  7  1  0  0  0
  1 21  1  0  0  0
  2  3  2  0  0  0
  2  4  1  0  0  0
  4  5  1  0  0  0
  4 16  1  0  0  0
  5  6  2  0  0  0
  5 11  1  0  0  0
  6  7  1  0  0  0
  6  9  1  0  0  0
  7  8  2  0  0  0
  9 10  1  0  0  0
  9 14  1  0  0  0
 10 11  2  0  0  0
 12 13  1  0  0  0
 12 24  1  0  0  0
 12 25  1  0  0  0
 13 22  1  0  0  0
 15 28  1  0  0  0
 17 29  1  0  0  0
 18 24  2  0  0  0
 19 25  2  0  0  0
 20 23  2  0  0  0
 20 28  1  0  0  0
 21 22  1  0  0  0
 23 26  1  0  0  0
 24 27  1  0  0  0
 25 29  1  0  0  0
 26 27  2  0  0  0
 26 29  1  0  0  0
 27 28  1  0  0  0
M  END
POSE 4
DW0
                    3D
 
 29 32  0  0  1  0            999 V2000
    3.4517   -7.5246  -10.9480 N   0  0  0  0  0  0
    4.5313   -8.1399  -10.2811 C   0  0  0  0  0  0
    4.6637   -9.3730  -10.2778 O   0  0  0  0  0  0
    5.4576   -7.3500   -9.6055 N   0  0  0  0  0  0
    5.2932   -5.9250   -9.5609 C   0  0  0  0  0  0
    4.1998   -5.3091  -10.2354 C   0  0  0  0  0  0
    3.2778   -6.1352  -10.9403 C   0  0  0  0  0  0
    2.3089   -5.6889  -11.5676 O   0  0  0  0  0  0
    4.3677   -3.9721  -10.0044 N   0  0  0  0  0  0
    5.4530   -3.7632   -9.2251 C   0  0  0  0  0  0
    6.0280   -4.9412   -8.9756 N   0  0  0  0  0  0
   -0.8047  -10.0571  -11.3189 N   0  0  0  0  0  0
    0.5252   -9.6969  -11.8668 C   0  0  0  0  0  0
    3.5138   -2.8115  -10.4480 C   0  0  0  0  0  0
   -4.5045   -7.3739  -11.0493 C   0  0  0  0  0  0
    6.5729   -8.0332   -8.9180 C   0  0  0  0  0  0
   -2.5742  -13.1349   -9.8676 C   0  0  0  0  0  0
   -1.5700   -7.8879  -11.8345 O   0  0  0  0  0  0
   -0.1822  -12.2854  -10.8522 O   0  0  0  0  0  0
   -5.2124   -9.6487  -10.1360 C   0  0  0  0  0  0
    2.5154   -8.3993  -11.7087 C   0  0  0  0  0  0
    1.1524   -8.5482  -11.0930 C   0  0  0  0  0  0
   -4.6311  -10.8501   -9.9358 N   0  0  0  0  0  0
   -1.8387   -9.0310  -11.3477 C   0  0  0  0  0  0
   -1.0553  -11.3938  -10.8487 C   0  0  0  0  0  0
   -3.3513  -10.7533  -10.3581 C   0  0  0  0  0  0
   -3.1070   -9.4367  -10.8570 C   0  0  0  0  0  0
   -4.2675   -8.8088  -10.6779 N   0  0  0  0  0  0
   -2.3266  -11.7412  -10.3745 N   0  0  0  0  0  0
  1  2  1  0  0  0
  1  7  1  0  0  0
  1 21  1  0  0  0
  2  3  2  0  0  0
  2  4  1  0  0  0
  4  5  1  0  0  0
  4 16  1  0  0  0
  5  6  2  0  0  0
  5 11  1  0  0  0
  6  7  1  0  0  0
  6  9  1  0  0  0
  7  8  2  0  0  0
  9 10  1  0  0  0
  9 14  1  0  0  0
 10 11  2  0  0  0
 12 13  1  0  0  0
 12 24  1  0  0  0
 12 25  1  0  0  0
 13 22  1  0  0  0
 15 28  1  0  0  0
 17 29  1  0  0  0
 18 24  2  0  0  0
 19 25  2  0  0  0
 20 23  2  0  0  0
 20 28  1  0  0  0
 21 22  1  0  0  0
 23 26  1  0  0  0
 24 27  1  0  0  0
 25 29  1  0  0  0
 26 27  2  0  0  0
 26 29  1  0  0  0
 27 28  1  0  0  0
M  END
POSE 5
DW0
                    3D
 
 29 32  0  0  1  0            999 V2000
    3.3301   -7.5395  -11.1383 N   0  0  0  0  0  0
    4.4673   -8.2092  -10.5452 C   0  0  0  0  0  0
    4.5789   -9.4261  -10.6214 O   0  0  0  0  0  0
    5.4453   -7.4506   -9.8391 N   0  0  0  0  0  0
    5.2962   -6.0529   -9.7198 C   0  0  0  0  0  0
    4.2035   -5.3825  -10.3336 C   0  0  0  0  0  0
    3.2523   -6.1380  -11.0453 C   0  0  0  0  0  0
    2.2822   -5.6492  -11.5965 O   0  0  0  0  0  0
    4.3929   -4.0499  -10.0347 N   0  0  0  0  0  0
    5.5099   -3.9039   -9.2708 C   0  0  0  0  0  0
    6.0641   -5.1167   -9.1175 N   0  0  0  0  0  0
   -0.8252  -10.4848  -11.3128 N   0  0  0  0  0  0
    0.4962  -10.0173  -11.8746 C   0  0  0  0  0  0
    3.5422   -2.8901  -10.4155 C   0  0  0  0  0  0
   -4.7741   -8.1930  -10.8724 C   0  0  0  0  0  0
    6.5938   -8.1338   -9.1756 C   0  0  0  0  0  0
   -2.3862  -13.7406   -9.8163 C   0  0  0  0  0  0
   -1.9227   -8.4529  -11.6524 O   0  0  0  0  0  0
    0.0439  -12.5810  -10.9299 O   0  0  0  0  0  0
   -5.1765  -10.5139  -10.0012 C   0  0  0  0  0  0
    2.2667   -8.2434  -11.9270 C   0  0  0  0  0  0
    1.2296   -8.9515  -11.0474 C   0  0  0  0  0  0
   -4.5007  -11.6698   -9.8358 N   0  0  0  0  0  0
   -1.9671   -9.6319  -11.2606 C   0  0  0  0  0  0
   -0.9325  -11.8260  -10.8398 C   0  0  0  0  0  0
   -3.2561  -11.4560  -10.2768 C   0  0  0  0  0  0
   -3.1484  -10.1369  -10.7340 C   0  0  0  0  0  0
   -4.3599   -9.6015  -10.5520 N   0  0  0  0  0  0
   -2.1779  -12.3227  -10.3067 N   0  0  0  0  0  0
  1  2  1  0  0  0
  1  7  1  0  0  0
  1 21  1  0  0  0
  2  3  2  0  0  0
  2  4  1  0  0  0
  4  5  1  0  0  0
  4 16  1  0  0  0
  5  6  2  0  0  0
  5 11  1  0  0  0
  6  7  1  0  0  0
  6  9  1  0  0  0
  7  8  2  0  0  0
  9 10  1  0  0  0
  9 14  1  0  0  0
 10 11  2  0  0  0
 12 13  1  0  0  0
 12 24  1  0  0  0
 12 25  1  0  0  0
 13 22  1  0  0  0
 15 28  1  0  0  0
 17 29  1  0  0  0
 18 24  2  0  0  0
 19 25  2  0  0  0
 20 23  2  0  0  0
 20 28  1  0  0  0
 21 22  1  0  0  0
 23 26  1  0  0  0
 24 27  1  0  0  0
 25 29  1  0  0  0
 26 27  2  0  0  0
 26 29  1  0  0  0
 27 28  1  0  0  0
M  END
LIGAND 002 DW0
POSE 1
DW0
                    3D
 
 29 32  0  0  1  0            999 V2000
    9.7408  -10.7012  -17.8112 N   0  0  0  0  0  0
    8.9116  -11.6086  -17.1417 C   0  0  0  0  0  0
    8.7083  -11.4210  -15.9418 O   0  0  0  0  0  0
    8.3040  -12.6896  -17.8395 N   0  0  0  0  0  0
    8.5316  -12.8286  -19.1996 C   0  0  0  0  0  0
    9.3589  -11.9214  -19.8605 C   0  0  0  0  0  0
    9.9542  -10.8623  -19.1953 C   0  0  0  0  0  0
   10.6643  -10.0949  -19.8385 O   0  0  0  0  0  0
    9.4037  -12.3085  -21.1312 N   0  0  0  0  0  0
    8.6546  -13.4154  -21.2788 C   0  0  0  0  0  0
    8.1161  -13.7367  -20.0867 N   0  0  0  0  0  0
    7.0367   -9.3334  -17.6939 N   0  0  0  0  0  0
    8.1749   -8.3366  -17.6908 C   0  0  0  0  0  0
   10.1819  -11.5949  -22.2137 C   0  0  0  0  0  0
    5.6857  -11.8081  -21.3015 C   0  0  0  0  0  0
    7.4202  -13.6926  -17.1795 C   0  0  0  0  0  0
    4.3374  -10.7789  -15.3523 C   0  0  0  0  0  0
    7.3863   -9.8608  -19.9433 O   0  0  0  0  0  0
    6.4451   -8.9863  -15.4909 O   0  0  0  0  0  0
    4.1130  -12.4696  -19.4155 C   0  0  0  0  0  0
   10.3621   -9.5371  -17.0676 C   0  0  0  0  0  0
    9.2573   -8.5668  -16.5966 C   0  0  0  0  0  0
    3.9377  -12.1518  -18.1117 N   0  0  0  0  0  0
    6.7279  -10.0431  -18.9093 C   0  0  0  0  0  0
    6.2289   -9.5806  -16.5409 C   0  0  0  0  0  0
    4.8768  -11.2199  -17.7790 C   0  0  0  0  0  0
    5.6644  -10.9654  -18.9267 C   0  0  0  0  0  0
    5.1545  -11.7480  -19.8912 N   0  0  0  0  0  0
    5.1625  -10.5242  -16.5723 N   0  0  0  0  0  0
  1  2  1  0  0  0
  1  7  1  0  0  0
  1 21  1  0  0  0
  2  3  2  0  0  0
  2  4  1  0  0  0
  4  5  1  0  0  0
  4 16  1  0  0  0
  5  6  2  0  0  0
  5 11  1  0  0  0
  6  7  1  0  0  0
  6  9  1  0  0  0
  7  8  2  0  0  0
  9 10  1  0  0  0
  9 14  1  0  0  0
 10 11  2  0  0  0
 12 13  1  0  0  0
 12 24  1  0  0  0
 12 25  1  0  0  0
 13 22  1  0  0  0
 15 28  1  0  0  0
 17 29  1  0  0  0
 18 24  2  0  0  0
 19 25  2  0  0  0
 20 23  2  0  0  0
 20 28  1  0  0  0
 21 22  1  0  0  0
 23 26  1  0  0  0
 24 27  1  0  0  0
 25 29  1  0  0  0
 26 27  2  0  0  0
 26 29  1  0  0  0
 27 28  1  0  0  0
M  END
POSE 2
DW0
                    3D
 
 29 32  0  0  1  0            999 V2000
    9.5600  -10.3869  -17.5926 N   0  0  0  0  0  0
    8.7776  -11.3232  -16.8699 C   0  0  0  0  0  0
    8.5706  -11.1504  -15.6749 O   0  0  0  0  0  0
    8.1974  -12.4212  -17.4987 N   0  0  0  0  0  0
    8.4464  -12.6011  -18.8382 C   0  0  0  0  0  0
    9.2280  -11.6899  -19.5635 C   0  0  0  0  0  0
    9.7792  -10.5710  -18.9575 C   0  0  0  0  0  0
   10.4451   -9.7466  -19.5938 O   0  0  0  0  0  0
    9.2422  -12.1416  -20.8088 N   0  0  0  0  0  0
    8.5273  -13.2911  -20.8680 C   0  0  0  0  0  0
    8.0262  -13.5537  -19.6434 N   0  0  0  0  0  0
    6.7810   -8.9850  -17.2112 N   0  0  0  0  0  0
    7.8728   -7.9459  -17.1950 C   0  0  0  0  0  0
    9.9608  -11.4843  -21.9866 C   0  0  0  0  0  0
    5.6513  -11.4553  -20.9607 C   0  0  0  0  0  0
    7.3711  -13.4726  -16.8099 C   0  0  0  0  0  0
    4.0933  -10.6991  -15.0593 C   0  0  0  0  0  0
    7.2420   -9.4168  -19.4504 O   0  0  0  0  0  0
    6.0967   -8.7611  -14.9859 O   0  0  0  0  0  0
    4.1157  -12.2397  -19.1488 C   0  0  0  0  0  0
   10.1664   -9.1608  -16.9649 C   0  0  0  0  0  0
    9.0876   -8.2749  -16.2982 C   0  0  0  0  0  0
    3.9100  -11.9621  -17.8467 N   0  0  0  0  0  0
    6.5471   -9.6806  -18.4601 C   0  0  0  0  0  0
    5.9659   -9.3200  -16.0891 C   0  0  0  0  0  0
    4.7660  -10.9959  -17.4595 C   0  0  0  0  0  0
    5.5562  -10.6663  -18.5640 C   0  0  0  0  0  0
    5.1107  -11.4402  -19.5718 N   0  0  0  0  0  0
    4.9596  -10.3384  -16.2235 N   0  0  0  0  0  0
  1  2  1  0  0  0
  1  7  1  0  0  0
  1 21  1  0  0  0
  2  3  2  0  0  0
  2  4  1  0  0  0
  4  5  1  0  0  0
  4 16  1  0  0  0
  5  6  2  0  0  0
  5 11  1  0  0  0
  6  7  1  0  0  0
  6  9  1  0  0  0
  7  8  2  0  0  0
  9 10  1  0  0  0
  9 14  1  0  0  0
 10 11  2  0  0  0
 12 13  1  0  0  0
 12 24  1  0  0  0
 12 25  1  0  0  0
 13 22  1  0  0  0
 15 28  1  0  0  0
 17 29  1  0  0  0
 18 24  2  0  0  0
 19 25  2  0  0  0
 20 23  2  0  0  0
 20 28  1  0  0  0
 21 22  1  0  0  0
 23 26  1  0  0  0
 24 27  1  0  0  0
 25 29  1  0  0  0
 26 27  2  0  0  0
 26 29  1  0  0  0
 27 28  1  0  0  0
M  END
POSE 3
DW0
                    3D
 
 29 32  0  0  1  0            999 V2000
    9.8743  -10.4235  -17.5207 N   0  0  0  0  0  0
    8.9930  -11.3199  -16.8221 C   0  0  0  0  0  0
    8.7039  -11.1152  -15.6464 O   0  0  0  0  0  0
    8.4212  -12.4427  -17.4856 N   0  0  0  0  0  0
    8.7406  -12.6902  -18.8253 C   0  0  0  0  0  0
    9.6041  -11.8406  -19.5348 C   0  0  0  0  0  0
   10.1897  -10.7111  -18.9197 C   0  0  0  0  0  0
   10.9535   -9.9655  -19.5530 O   0  0  0  0  0  0
    9.6606  -12.3997  -20.7561 N   0  0  0  0  0  0
    8.9048  -13.5161  -20.8091 C   0  0  0  0  0  0
    8.3356  -13.6997  -19.6113 N   0  0  0  0  0  0
    7.3337   -8.8545  -17.5906 N   0  0  0  0  0  0
    8.2882   -7.7361  -17.2916 C   0  0  0  0  0  0
   10.4474  -11.8907  -21.9426 C   0  0  0  0  0  0
    6.9359  -11.0654  -21.6784 C   0  0  0  0  0  0
    7.5096  -13.4464  -16.8392 C   0  0  0  0  0  0
    4.5818  -11.0260  -15.9706 C   0  0  0  0  0  0
    8.1098   -9.0135  -19.7735 O   0  0  0  0  0  0
    6.3920   -8.8990  -15.4922 O   0  0  0  0  0  0
    5.2785  -12.0990  -20.0509 C   0  0  0  0  0  0
   10.4788   -9.2220  -16.8540 C   0  0  0  0  0  0
    9.4655   -8.1426  -16.3525 C   0  0  0  0  0  0
    4.8870  -11.9625  -18.7762 N   0  0  0  0  0  0
    7.3402   -9.4277  -18.8922 C   0  0  0  0  0  0
    6.4257   -9.3661  -16.6261 C   0  0  0  0  0  0
    5.5919  -10.9736  -18.2276 C   0  0  0  0  0  0
    6.4750  -10.4834  -19.1955 C   0  0  0  0  0  0
    6.2510  -11.2074  -20.2970 N   0  0  0  0  0  0
    5.5584  -10.4443  -16.9420 N   0  0  0  0  0  0
  1  2  1  0  0  0
  1  7  1  0  0  0
  1 21  1  0  0  0
  2  3  2  0  0  0
  2  4  1  0  0  0
  4  5  1  0  0  0
  4 16  1  0  0  0
  5  6  2  0  0  0
  5 11  1  0  0  0
  6  7  1  0  0  0
  6  9  1  0  0  0
  7  8  2  0  0  0
  9 10  1  0  0  0
  9 14  1  0  0  0
 10 11  2  0  0  0
 12 13  1  0  0  0
 12 24  1  0  0  0
 12 25  1  0  0  0
 13 22  1  0  0  0
 15 28  1  0  0  0
 17 29  1  0  0  0
 18 24  2  0  0  0
 19 25  2  0  0  0
 20 23  2  0  0  0
 20 28  1  0  0  0
 21 22  1  0  0  0
 23 26  1  0  0  0
 24 27  1  0  0  0
 25 29  1  0  0  0
 26 27  2  0  0  0
 26 29  1  0  0  0
 27 28  1  0  0  0
M  END
POSE 4
DW0
                    3D
 
 29 32  0  0  1  0            999 V2000
    9.6251  -10.6521  -17.6382 N   0  0  0  0  0  0
    8.7821  -11.4950  -16.8383 C   0  0  0  0  0  0
    8.5351  -11.2000  -15.6579 O   0  0  0  0  0  0
    8.1933  -12.6511  -17.4270 N   0  0  0  0  0  0
    8.4845  -12.9366  -18.7655 C   0  0  0  0  0  0
    9.3251  -12.1224  -19.5378 C   0  0  0  0  0  0
    9.8895  -10.9809  -18.9957 C   0  0  0  0  0  0
   10.6314  -10.2797  -19.6841 O   0  0  0  0  0  0
    9.3717  -12.6801  -20.7417 N   0  0  0  0  0  0
    8.6215  -13.7858  -20.7209 C   0  0  0  0  0  0
    8.0713  -13.9485  -19.5153 N   0  0  0  0  0  0
    6.7109   -9.4153  -17.4513 N   0  0  0  0  0  0
    7.8752   -8.4388  -17.7041 C   0  0  0  0  0  0
   10.1597  -12.2025  -21.9701 C   0  0  0  0  0  0
    5.1177  -12.3303  -20.6733 C   0  0  0  0  0  0
    7.2743  -13.6216  -16.6961 C   0  0  0  0  0  0
    4.0966  -10.6312  -14.8335 C   0  0  0  0  0  0
    6.8679  -10.2516  -19.6495 O   0  0  0  0  0  0
    6.2541   -8.8139  -15.2485 O   0  0  0  0  0  0
    3.6803  -12.7158  -18.6016 C   0  0  0  0  0  0
   10.2450   -9.3946  -17.0880 C   0  0  0  0  0  0
    9.0827   -8.4293  -16.7200 C   0  0  0  0  0  0
    3.5842  -12.2429  -17.3579 N   0  0  0  0  0  0
    6.3089  -10.2851  -18.5439 C   0  0  0  0  0  0
    5.9828   -9.5316  -16.2228 C   0  0  0  0  0  0
    4.5399  -11.3038  -17.1928 C   0  0  0  0  0  0
    5.2503  -11.1942  -18.3971 C   0  0  0  0  0  0
    4.6849  -12.0759  -19.2320 N   0  0  0  0  0  0
    4.8958  -10.4886  -16.1014 N   0  0  0  0  0  0
  1  2  1  0  0  0
  1  7  1  0  0  0
  1 21  1  0  0  0
  2  3  2  0  0  0
  2  4  1  0  0  0
  4  5  1  0  0  0
  4 16  1  0  0  0
  5  6  2  0  0  0
  5 11  1  0  0  0
  6  7  1  0  0  0
  6  9  1  0  0  0
  7  8  2  0  0  0
  9 10  1  0  0  0
  9 14  1  0  0  0
 10 11  2  0  0  0
 12 13  1  0  0  0
 12 24  1  0  0  0
 12 25  1  0  0  0
 13 22  1  0  0  0
 15 28  1  0  0  0
 17 29  1  0  0  0
 18 24  2  0  0  0
 19 25  2  0  0  0
 20 23  2  0  0  0
 20 28  1  0  0  0
 21 22  1  0  0  0
 23 26  1  0  0  0
 24 27  1  0  0  0
 25 29  1  0  0  0
 26 27  2  0  0  0
 26 29  1  0  0  0
 27 28  1  0  0  0
M  END
POSE 5
DW0
                    3D
 
 29 32  0  0  1  0            999 V2000
    9.7573  -10.5635  -17.7543 N   0  0  0  0  0  0
    8.9388  -11.4467  -17.0403 C   0  0  0  0  0  0
    8.7219  -11.1871  -15.8574 O   0  0  0  0  0  0
    8.3638  -12.5968  -17.6628 N   0  0  0  0  0  0
    8.6416  -12.8406  -18.9891 C   0  0  0  0  0  0
    9.4490  -11.9592  -19.7012 C   0  0  0  0  0  0
   10.0121  -10.8298  -19.1095 C   0  0  0  0  0  0
   10.7260  -10.0624  -19.7464 O   0  0  0  0  0  0
    9.5038  -12.4674  -20.9287 N   0  0  0  0  0  0
    8.7657  -13.6067  -20.9995 C   0  0  0  0  0  0
    8.2368  -13.8284  -19.7845 N   0  0  0  0  0  0
    7.0390   -9.0768  -17.6077 N   0  0  0  0  0  0
    8.1269   -8.0365  -17.6520 C   0  0  0  0  0  0
   10.3077  -11.8376  -22.1055 C   0  0  0  0  0  0
    5.8899  -12.0014  -21.0079 C   0  0  0  0  0  0
    7.4590  -13.5818  -16.9583 C   0  0  0  0  0  0
    4.2987  -10.5667  -15.2827 C   0  0  0  0  0  0
    7.5503   -9.7143  -19.7402 O   0  0  0  0  0  0
    6.3229   -8.6463  -15.4381 O   0  0  0  0  0  0
    4.3814  -12.4883  -19.0600 C   0  0  0  0  0  0
   10.3444   -9.3528  -17.1081 C   0  0  0  0  0  0
    9.2678   -8.3235  -16.6495 C   0  0  0  0  0  0
    4.1521  -12.0581  -17.8101 N   0  0  0  0  0  0
    6.8389   -9.8948  -18.7452 C   0  0  0  0  0  0
    6.1995   -9.3013  -16.4645 C   0  0  0  0  0  0
    5.0142  -11.0732  -17.5921 C   0  0  0  0  0  0
    5.8267  -10.8759  -18.7280 C   0  0  0  0  0  0
    5.3925  -11.7831  -19.6046 N   0  0  0  0  0  0
    5.1859  -10.3026  -16.4657 N   0  0  0  0  0  0
  1  2  1  0  0  0
  1  7  1  0  0  0
  1 21  1  0  0  0
  2  3  2  0  0  0
  2  4  1  0  0  0
  4  5  1  0  0  0
  4 16  1  0  0  0
  5  6  2  0  0  0
  5 11  1  0  0  0
  6  7  1  0  0  0
  6  9  1  0  0  0
  7  8  2  0  0  0
  9 10  1  0  0  0
  9 14  1  0  0  0
 10 11  2  0  0  0
 12 13  1  0  0  0
 12 24  1  0  0  0
 12 25  1  0  0  0
 13 22  1  0  0  0
 15 28  1  0  0  0
 17 29  1  0  0  0
 18 24  2  0  0  0
 19 25  2  0  0  0
 20 23  2  0  0  0
 20 28  1  0  0  0
 21 22  1  0  0  0
 23 26  1  0  0  0
 24 27  1  0  0  0
 25 29  1  0  0  0
 26 27  2  0  0  0
 26 29  1  0  0  0
 27 28  1  0  0  0
M  END
LIGAND 003 CD 
POSE 1
CD 
                    3D
 
  1  0  0  0  1  0            999 V2000
    5.2838    9.9973    1.6865 Cd  0  2  0  0  0  0
M  CHG  1   1   2
M  END
POSE 2
CD 
                    3D
 
  1  0  0  0  1  0            999 V2000
   24.8838  -14.2965   -8.4785 Cd  0  2  0  0  0  0
M  CHG  1   1   2
M  END
POSE 3
CD 
                    3D
 
  1  0  0  0  1  0            999 V2000
   -8.0237   -2.5617  -16.6767 Cd  0  2  0  0  0  0
M  CHG  1   1   2
M  END
POSE 4
CD 
                    3D
 
  1  0  0  0  1  0            999 V2000
   12.1203    1.3743   13.8857 Cd  0  2  0  0  0  0
M  CHG  1   1   2
M  END
POSE 5
CD 
                    3D
 
  1  0  0  0  1  0            999 V2000
    5.5152   16.2150   -2.4647 Cd  0  2  0  0  0  0
M  CHG  1   1   2
M  END
LIGAND 004 CD 
POSE 1
CD 
                    3D
 
  1  0  0  0  1  0            999 V2000
   12.1203    1.3743   13.8857 Cd  0  2  0  0  0  0
M  CHG  1   1   2
M  END
POSE 2
CD 
                    3D
 
  1  0  0  0  1  0            999 V2000
    5.5152   16.2150   -2.4647 Cd  0  2  0  0  0  0
M  CHG  1   1   2
M  END
POSE 3
CD 
                    3D
 
  1  0  0  0  1  0            999 V2000
    -9.608  -19.8250  -12.2347 Cd  0  2  0  0  0  0
M  CHG  1   1   2
M  END
POSE 4
CD 
                    3D
 
  1  0  0  0  1  0            999 V2000
    5.2838    9.9973    1.6865 Cd  0  2  0  0  0  0
M  CHG  1   1   2
M  END
POSE 5
CD 
                    3D
 
  1  0  0  0  1  0            999 V2000
   24.8838  -14.2965   -8.4785 Cd  0  2  0  0  0  0
M  CHG  1   1   2
M  END
LIGAND 005 CO 
POSE 1
CO 
                    3D
 
  1  0  0  0  1  0            999 V2000
    5.2838    9.9973    1.6865 Co  0  2  0  0  0  0
M  CHG  1   1   2
M  END
POSE 2
CO 
                    3D
 
  1  0  0  0  1  0            999 V2000
   12.1203    1.3743   13.8857 Co  0  2  0  0  0  0
M  CHG  1   1   2
M  END
POSE 3
CO 
                    3D
 
  1  0  0  0  1  0            999 V2000
   24.8838  -14.2965   -8.4785 Co  0  2  0  0  0  0
M  CHG  1   1   2
M  END
POSE 4
CO 
                    3D
 
  1  0  0  0  1  0            999 V2000
    5.5152   16.2150   -2.4647 Co  0  2  0  0  0  0
M  CHG  1   1   2
M  END
POSE 5
CO 
                    3D
 
  1  0  0  0  1  0            999 V2000
   -8.0237   -2.5617  -16.6767 Co  0  2  0  0  0  0
M  CHG  1   1   2
M  END
END
