PFRMAT LG
TARGET T1170
MODEL 1
LIGAND 001 LIG
POSE 1
LIG
     RDKit          3D

 35 37  0  0  0  0  0  0  0  0999 V2000
  -33.8941  -19.4185   -8.3909 C   0  0  2  0  0  0  0  0  0  0  0  0
  -33.0381  -18.2952   -8.3534 O   0  0  0  0  0  0  0  0  0  0  0  0
  -32.4860  -18.2224   -7.0587 C   0  0  1  0  0  0  0  0  0  0  0  0
  -32.5324  -19.6171   -6.4469 C   0  0  1  0  0  0  0  0  0  0  0  0
  -32.6422  -19.5646   -5.0480 O   0  0  0  0  0  0  0  0  0  0  0  0
  -33.7659  -20.2107   -7.0859 C   0  0  1  0  0  0  0  0  0  0  0  0
  -34.9053  -19.9933   -6.2894 O   0  0  0  0  0  0  0  0  0  0  0  0
  -31.7336  -19.3695   -4.6990 H   0  0  0  0  0  0  0  0  0  0  0  0
  -34.9409  -20.7358   -5.6312 H   0  0  0  0  0  0  0  0  0  0  0  0
  -33.5169  -22.7598  -13.4735 N   0  0  0  0  0  0  0  0  0  0  0  0
  -34.2557  -22.0673  -12.4671 C   0  0  0  0  0  0  0  0  0  0  0  0
  -35.6210  -22.0280  -12.5117 N   0  0  0  0  0  0  0  0  0  0  0  0
  -36.3480  -21.3740  -11.5494 C   0  0  0  0  0  0  0  0  0  0  0  0
  -35.7175  -20.7457  -10.5120 N   0  0  0  0  0  0  0  0  0  0  0  0
  -34.3652  -20.7883  -10.4693 C   0  0  0  0  0  0  0  0  0  0  0  0
  -33.6257  -21.4258  -11.4056 C   0  0  0  0  0  0  0  0  0  0  0  0
  -32.3139  -21.3194  -11.1268 N   0  0  0  0  0  0  0  0  0  0  0  0
  -32.3098  -20.5892   -9.9761 C   0  0  0  0  0  0  0  0  0  0  0  0
  -33.5549  -20.2620   -9.5403 N   0  0  0  0  0  0  0  0  0  0  0  0
  -32.4728  -22.8062  -13.4384 H   0  0  0  0  0  0  0  0  0  0  0  0
  -34.0169  -23.2215  -14.2665 H   0  0  0  0  0  0  0  0  0  0  0  0
  -31.0584  -17.6727   -7.1303 C   0  0  0  0  0  0  0  0  0  0  0  0
  -30.3748  -18.0085   -5.9453 O   0  0  0  0  0  0  0  0  0  0  0  0
  -28.8391  -18.6250   -6.3597 P   0  0  2  0  0  0  0  0  0  0  0  0
  -28.9424  -20.1082   -6.6364 O   0  0  0  0  0  0  0  0  0  0  0  0
  -27.7869  -18.4017   -5.0530 O   0  5  0  0  0  0  0  0  0  0  0  0
  -28.2364  -17.8503   -7.7528 O   0  0  0  0  0  0  0  0  0  0  0  0
  -26.5375  -17.8229   -7.6373 P   0  0  1  0  0  0  0  0  0  0  0  0
  -26.0637  -19.0765   -6.9350 O   0  0  0  0  0  0  0  0  0  0  0  0
  -25.9118  -17.8054   -9.2097 O   0  5  0  0  0  0  0  0  0  0  0  0
  -26.0282  -16.4365   -6.7845 O   0  0  0  0  0  0  0  0  0  0  0  0
  -24.5828  -16.8050   -5.9560 P   0  0  0  0  0  0  0  0  0  0  0  0
  -24.9869  -17.6366   -4.5396 O   0  5  0  0  0  0  0  0  0  0  0  0
  -23.5520  -17.7883   -6.8735 O   0  5  0  0  0  0  0  0  0  0  0  0
  -23.7526  -15.3524   -5.5207 S   0  0  0  0  0  0  0  0  0  0  0  0
  1 19  1  6  0  0  0
  1  2  1  0  0  0  0
  1  6  1  0  0  0  0
  2  3  1  0  0  0  0
  3 22  1  6  0  0  0
  3  4  1  0  0  0  0
  4  5  1  1  0  0  0
  4  6  1  0  0  0  0
  5  8  1  0  0  0  0
  6  7  1  1  0  0  0
  7  9  1  0  0  0  0
 10 11  1  0  0  0  0
 10 20  1  0  0  0  0
 10 21  1  0  0  0  0
 11 12  2  0  0  0  0
 11 16  1  0  0  0  0
 12 13  1  0  0  0  0
 13 14  2  0  0  0  0
 14 15  1  0  0  0  0
 15 16  2  0  0  0  0
 15 19  1  0  0  0  0
 16 17  1  0  0  0  0
 17 18  2  0  0  0  0
 18 19  1  0  0  0  0
 22 23  1  0  0  0  0
 23 24  1  0  0  0  0
 24 25  2  6  0  0  0
 24 26  1  0  0  0  0
 24 27  1  0  0  0  0
 27 28  1  0  0  0  0
 28 29  2  1  0  0  0
 28 30  1  0  0  0  0
 28 31  1  0  0  0  0
 31 32  1  0  0  0  0
 32 33  1  0  0  0  0
 32 34  1  0  0  0  0
 32 35  2  0  0  0  0
M  END
END



